3.95423e-07 6.45369e-07 9.16319e-07 1.17978e-06 1.39725e-06 1.52196e-06 1.50261e-06 1.2889e-06 8.38812e-07 1.27193e-07 -8.45511e-07 -2.04529e-06 -3.39891e-06 -4.79209e-06 -6.07264e-06 -7.05967e-06 -7.559e-06 -7.38422e-06 -6.3819e-06 -4.45851e-06 -1.60553e-06 2.0807e-06 6.38827e-06 1.09917e-05 1.54681e-05 1.9329e-05 2.20655e-05 2.32038e-05 2.23651e-05 1.93235e-05 1.40541e-05 6.76298e-06 -2.10559e-06 -1.18897e-05 -2.17579e-05 -3.07823e-05 -3.80302e-05 -4.26648e-05 -4.40428e-05 -4.17988e-05 -3.5902e-05 -2.6681e-05 -1.48074e-05 -1.24157e-06 1.28566e-05 2.62418e-05 3.77108e-05 4.62267e-05 5.10275e-05 5.17054e-05 4.82466e-05 4.10293e-05 3.0778e-05 1.84822e-05 5.28864e-06 -7.62017e-06 -1.91461e-05 -2.8381e-05 -3.46869e-05 -3.77417e-05 -3.75498e-05 -3.44161e-05 -2.88909e-05 -2.16935e-05 -1.36243e-05 -5.47799e-06 2.03532e-06 8.3499e-06 1.30833e-05 1.60507e-05 1.72569e-05 1.68697e-05 1.51792e-05 1.25508e-05 9.37727e-06 6.03516e-06 2.85015e-06 7.36268e-08 -2.12895e-06 -3.6785e-06 -4.57361e-06 -4.8753e-06 -4.68812e-06 -4.14056e-06 -3.36688e-06 -2.49227e-06 -1.62224e-06 -8.36371e-07 -1.86426e-07 3.02232e-07 6.26665e-07 8.0097e-07 8.50392e-07 8.05742e-07 6.98673e-07
6.45369e-07 9.19906e-07 1.18904e-06 1.41372e-06 1.54593e-06 1.53225e-06 1.31946e-06 8.62065e-07 1.3123e-07 -8.75764e-07 -2.12676e-06 -3.54814e-06 -5.02206e-06 -6.38898e-06 -7.4565e-06 -8.01514e-06 -7.86046e-06 -6.82009e-06 -4.78328e-06 -1.72922e-06 2.24977e-06 6.9344e-06 1.1978e-05 1.69221e-05 2.12288e-05 2.43291e-05 2.56843e-05 2.48528e-05 2.15569e-05 1.57399e-05 7.60382e-06 -2.37665e-06 -1.34728e-05 -2.47515e-05 -3.51545e-05 -4.36019e-05 -4.91068e-05 -5.08914e-05 -4.84874e-05 -4.18101e-05 -3.11933e-05 -1.73793e-05 -1.46293e-06 1.5208e-05 3.1163e-05 4.4958e-05 5.53261e-05 6.1311e-05 6.23686e-05 5.84243e-05 4.98789e-05 3.75629e-05 2.26448e-05 6.50513e-06 -9.40965e-06 -2.37348e-05 -3.53208e-05 -4.33375e-05 -4.73387e-05 -4.72823e-05 -4.3506e-05 -3.66645e-05 -2.76382e-05 -1.74258e-05 -7.03388e-06 2.62363e-06 1.08056e-05 1.69973e-05 2.0934e-05 2.25954e-05 2.21748e-05 2.00307e-05 1.66271e-05 1.24715e-05 8.058e-06 3.82035e-06 9.90757e-08 -2.87602e-06 -4.98878e-06 -6.22702e-06 -6.66374e-06 -6.43299e-06 -5.70386e-06 -4.65622e-06 -3.46018e-06 -2.26107e-06 -1.17029e-06 -2.61877e-07 4.26215e-07 8.87198e-07 1.13841e-06 1.21338e-06 1.15417e-06 1.00472e-06 8.05742e-07
9.16319e-07 1.18904e-06 1.41925e-06 1.55805e-06 1.55031e-06 1.34024e-06 8.79068e-07 1.34342e-07 -9.00041e-07 -2.19427e-06 -3.6751e-06 -5.22212e-06 -6.66949e-06 -7.81435e-06 -8.43267e-06 -8.3023e-06 -7.23164e-06 -5.09178e-06 -1.84795e-06 2.41365e-06 7.46864e-06 1.29513e-05 1.83688e-05 2.31338e-05 2.66161e-05 2.82087e-05 2.74023e-05 2.38613e-05 1.74906e-05 8.48268e-06 -2.66172e-06 -1.51479e-05 -2.79378e-05 -3.98353e-05 -4.96008e-05 -5.60818e-05 -5.83473e-05 -5.58087e-05 -4.83115e-05 -3.61848e-05 -2.02393e-05 -1.71034e-06 1.78496e-05 3.67189e-05 5.31808e-05 6.57013e-05 7.30935e-05 7.46454e-05 7.01984e-05 6.01655e-05 4.54869e-05 2.75291e-05 7.93918e-06 -1.15289e-05 -2.91943e-05 -4.36153e-05 -5.37241e-05 -5.8914e-05 -5.90741e-05 -5.45688e-05 -4.61676e-05 -3.4938e-05 -2.21145e-05 -8.9614e-06 3.35568e-06 1.38746e-05 2.19104e-05 2.70906e-05 2.9355e-05 2.89214e-05 2.62272e-05 2.18559e-05 1.64576e-05 1.06751e-05 5.08095e-06 1.32283e-07 -3.85502e-06 -6.71314e-06 -8.41216e-06 -9.03738e-06 -8.75857e-06 -7.79625e-06 -6.38921e-06 -4.7666e-06 -3.12694e-06 -1.62479e-06 -3.65004e-07 5.96382e-07 1.24627e-06 1.60541e-06 1.71784e-06 1.64041e-06 1.43358e-06 1.15417e-06 8.50392e-07
1.17978e-06 1.41372e-06 1.55805e-06 1.55638e-06 1.35075e-06 8.8943e-07 1.36458e-07 -9.17793e-07 -2.24631e-06 -3.77697e-06 -5.38789e-06 -6.90813e-06 -8.12563e-06 -8.80291e-06 -8.70073e-06 -7.60836e-06 -5.37799e-06 -1.95947e-06 2.56932e-06 7.98144e-06 1.38948e-05 1.9784e-05 2.50136e-05 2.88915e-05 3.07401e-05 2.99782e-05 2.62066e-05 1.92849e-05 9.38947e-06 -2.95779e-06 -1.68987e-05 -3.12888e-05 -4.4788e-05 -5.59859e-05 -6.3549e-05 -6.63749e-05 -6.37355e-05 -5.53894e-05 -4.16485e-05 -2.33865e-05 -1.98403e-06 2.07869e-05 4.29288e-05 6.2418e-05 7.74151e-05 8.64623e-05 8.86436e-05 8.3689e-05 7.20086e-05 5.46537e-05 3.32065e-05 9.61397e-06 -1.40156e-05 -3.56302e-05 -5.34386e-05 -6.60818e-05 -7.27491e-05 -7.32323e-05 -6.79119e-05 -5.76814e-05 -4.3822e-05 -2.78464e-05 -1.13283e-05 4.25858e-06 1.76767e-05 2.80238e-05 3.47851e-05 3.78401e-05 3.7427e-05 3.40734e-05 2.85055e-05 2.15488e-05 1.40322e-05 6.70492e-06 1.75247e-07 -5.12706e-06 -8.96322e-06 -1.12757e-05 -1.21611e-05 -1.18321e-05 -1.05733e-05 -8.69897e-06 -6.51517e-06 -4.29075e-06 -2.23824e-06 -5.04782e-07 8.27994e-07 1.73705e-06 2.24638e-06 2.4131e-06 2.31335e-06 2.02959e-06 1.64041e-06 1.21338e-06 8.0097e-07
1.39725e-06 1.54593e-06 1.55031e-06 1.35075e-06 8.92911e-07 1.37528e-07 -9.28612e-07 -2.28168e-06 -3.85147e-06 -5.51566e-06 -7.09963e-06 -8.38357e-06 -9.1179e-06 -9.04733e-06 -7.9424e-06 -5.63608e-06 -2.06154e-06 2.71374e-06 8.46308e-06 1.47909e-05 2.11424e-05 2.68357e-05 3.11174e-05 3.32379e-05 3.2541e-05 2.85583e-05 2.10977e-05 1.03123e-05 -3.26121e-06 -1.87051e-05 -3.47691e-05 -4.99646e-05 -6.27012e-05 -7.145e-05 -7.49194e-05 -7.22218e-05 -6.301e-05 -4.7564e-05 -2.68127e-05 -2.2836e-06 2.40192e-05 4.97983e-05 7.26895e-05 9.05074e-05 0.00010148 0.000104448 9.89957e-05 8.55124e-05 6.51569e-05 3.97429e-05 1.15514e-05 -1.69061e-05 -4.31464e-05 -6.49649e-05 -8.06494e-05 -8.9134e-05 -9.00773e-05 -8.38601e-05 -7.15057e-05 -5.45374e-05 -3.4791e-05 -1.42088e-05 5.36236e-06 2.23455e-05 3.55641e-05 4.43173e-05 4.83982e-05 4.80573e-05 4.39223e-05 3.68888e-05 2.79954e-05 1.83014e-05 8.77909e-06 2.30358e-07 -6.76578e-06 -1.18743e-05 -1.49963e-05 -1.62372e-05 -1.58597e-05 -1.42279e-05 -1.17516e-05 -8.83588e-06 -5.8419e-06 -3.05932e-06 -6.92656e-07 1.14061e-06 2.40225e-06 3.11878e-06 3.36337e-06 3.23696e-06 2.85102e-06 2.31335e-06 1.71784e-06 1.13841e-06 6.26665e-07
1.52196e-06 1.53225e-06 1.34024e-06 8.8943e-07 1.37528e-07 -9.32246e-07 -2.29958e-06 -3.89687e-06 -5.60252e-06 -7.23966e-06 -8.58238e-06 -9.37065e-06 -9.33453e-06 -8.22659e-06 -5.8606e-06 -2.15205e-06 2.84398e-06 8.90394e-06 1.56223e-05 2.24182e-05 2.85664e-05 3.32539e-05 3.56591e-05 3.5048e-05 3.08789e-05 2.29014e-05 1.12377e-05 -3.56777e-06 -2.05436e-05 -3.83358e-05 -5.53058e-05 -6.96756e-05 -7.97083e-05 -8.39057e-05 -8.12011e-05 -7.11214e-05 -5.38971e-05 -3.05017e-05 -2.60795e-06 2.75382e-05 5.73174e-05 8.39926e-05 0.00010499 0.00011818 0.000122112 0.000116191 0.000100758 7.70741e-05 4.71959e-05 1.37714e-05 -2.02339e-05 -5.18416e-05 -7.83626e-05 -9.76625e-05 -0.000108359 -0.000109935 -0.000102748 -8.79536e-05 -6.73447e-05 -4.31293e-05 -1.76832e-05 6.69968e-06 2.80275e-05 4.47819e-05 5.60223e-05 6.14206e-05 6.12266e-05 5.61775e-05 4.73662e-05 3.60875e-05 2.36838e-05 1.14055e-05 3.00443e-07 -8.85877e-06 -1.56085e-05 -1.97894e-05 -2.15108e-05 -2.10929e-05 -1.89968e-05 -1.57518e-05 -1.189e-05 -7.8919e-06 -4.14905e-06 -9.43057e-07 1.55903e-06 3.29634e-06 4.29631e-06 4.65137e-06 4.49407e-06 3.97374e-06 3.23696e-06 2.4131e-06 1.60541e-06 8.87198e-07 3.02232e-07
1.50261e-06 1.31946e-06 8.79068e-07 1.36458e-07 -9.28612e-07 -2.29958e-06 -3.91212e-06 -5.64646e-06 -7.325e-06 -8.71753e-06 -9.55547e-06 -9.55589e-06 -8.45464e-06 -6.04664e-06 -2.22906e-06 2.95727e-06 9.29487e-06 1.6372e-05 2.3586e-05 3.01721e-05 3.52606e-05 3.79589e-05 3.74545e-05 3.31282e-05 2.46658e-05 1.21509e-05 -3.87278e-06 -2.23871e-05 -4.19395e-05 -6.07415e-05 -7.68231e-05 -8.8229e-05 -9.32387e-05 -9.05864e-05 -7.96522e-05 -6.05982e-05 -3.44282e-05 -2.9552e-06 3.1327e-05 6.54586e-05 9.62979e-05 0.000120843 0.000136557 0.000141652 0.000135311 0.000117798 9.04615e-05 5.56104e-05 1.62901e-05 -2.40284e-05 -6.18044e-05 -9.37877e-05 -0.000117344 -0.000130706 -0.000133126 -0.000124909 -0.000107343 -8.25125e-05 -5.30499e-05 -2.18358e-05 8.30539e-06 3.48808e-05 5.59501e-05 7.02678e-05 7.73402e-05 7.73976e-05 7.1293e-05 6.03461e-05 4.61566e-05 3.04106e-05 1.47022e-05 3.88802e-07 -1.1509e-05 -2.03573e-05 -2.59113e-05 -2.82754e-05 -2.78347e-05 -2.51666e-05 -2.09494e-05 -1.58752e-05 -1.05783e-05 -5.58316e-06 -1.27399e-06 2.11436e-06 4.488e-06 5.87236e-06 6.38255e-06 6.19084e-06 5.49549e-06 4.49407e-06 3.36337e-06 2.24638e-06 1.24627e-06 4.26215e-07 -1.86426e-07
1.2889e-06 8.62065e-07 1.34342e-07 -9.17793e-07 -2.28168e-06 -3.89687e-06 -5.64646e-06 -7.35367e-06 -8.78591e-06 -9.66811e-06 -9.70637e-06 -8.6214e-06 -6.19003e-06 -2.29085e-06 3.05114e-06 9.62746e-06 1.70242e-05 2.46216e-05 3.16201e-05 3.70975e-05 4.00926e-05 3.97146e-05 3.52648e-05 2.63593e-05 1.3036e-05 -4.17115e-06 -2.42062e-05 -4.55249e-05 -6.61924e-05 -8.40448e-05 -9.69006e-05 -0.000102803 -0.00010027 -8.8512e-05 -6.76021e-05 -3.85577e-05 -3.32262e-06 3.53597e-05 7.41743e-05 0.000109547 0.000138007 0.000156563 0.000163041 0.000156352 0.000136648 0.000105348 6.50151e-05 1.91197e-05 -2.83124e-05 -7.31084e-05 -0.000111376 -0.000139895 -0.000156435 -0.000159954 -0.000150669 -0.000129987 -0.00010031 -6.47447e-05 -2.67538e-05 1.02158e-05 4.30721e-05 6.93596e-05 8.74496e-05 9.66281e-05 9.70784e-05 8.97714e-05 7.62846e-05 5.85757e-05 3.87441e-05 1.88044e-05 4.99232e-07 -1.48357e-05 -2.63444e-05 -3.36629e-05 -3.68781e-05 -3.64453e-05 -3.30809e-05 -2.76453e-05 -2.10312e-05 -1.40688e-05 -7.45449e-06 -1.70766e-06 2.84518e-06 6.0629e-06 7.9641e-06 8.6899e-06 8.46188e-06 7.54084e-06 6.19084e-06 4.65137e-06 3.11878e-06 1.73705e-06 5.96382e-07 -2.61877e-07 -8.36371e-07
8.38812e-07 1.3123e-07 -9.00041e-07 -2.24631e-06 -3.85147e-06 -5.60252e-06 -7.325e-06 -8.78591e-06 -9.70595e-06 -9.7825e-06 -8.72302e-06 -6.28751e-06 -2.33603e-06 3.1235e-06 9.89434e-06 1.75646e-05 2.55025e-05 3.28797e-05 3.87262e-05 4.20167e-05 4.17835e-05 3.7247e-05 2.795e-05 1.38767e-05 -4.45754e-06 -2.59695e-05 -4.90323e-05 -7.1571e-05 -9.12297e-05 -0.000105596 -0.000112467 -0.000110125 -9.75919e-05 -7.48287e-05 -4.28466e-05 -3.70665e-06 3.9601e-05 8.33964e-05 0.000123649 0.000156383 0.000178103 0.000186198 0.000179258 0.000157281 0.000121729 7.54188e-05 2.2266e-05 -3.31005e-05 -8.58069e-05 -0.000131233 -0.000165482 -0.000185771 -0.000190694 -0.000180327 -0.000156183 -0.000120997 -7.84027e-05 -3.25243e-05 1.24679e-05 5.2773e-05 8.53137e-05 0.000107986 0.000119787 0.000120816 0.00011216 9.56823e-05 7.3758e-05 4.89771e-05 2.3864e-05 6.36038e-07 -1.89751e-05 -3.38268e-05 -4.33932e-05 -4.77239e-05 -4.73484e-05 -4.31456e-05 -3.61973e-05 -2.7645e-05 -1.85655e-05 -9.8756e-06 -2.27113e-06 3.79881e-06 8.12672e-06 1.07169e-05 1.17393e-05 1.1476e-05 1.02669e-05 8.46188e-06 6.38255e-06 4.29631e-06 2.40225e-06 8.27994e-07 -3.65004e-07 -1.17029e-06 -1.62224e-06
1.27193e-07 -8.75764e-07 -2.19427e-06 -3.77697e-06 -5.51566e-06 -7.23966e-06 -8.71753e-06 -9.66811e-06 -9.7825e-06 -8.75716e-06 -6.33682e-06 -2.36357e-06 3.17269e-06 1.00895e-05 1.79811e-05 2.62095e-05 3.39235e-05 4.01119e-05 4.36904e-05 4.3618e-05 3.90345e-05 2.94059e-05 1.46568e-05 -4.72653e-06 -2.76444e-05 -5.23989e-05 -7.67845e-05 -9.82583e-05 -0.000114177 -0.000122082 -0.000120007 -0.000106766 -8.21833e-05 -4.72419e-05 -4.10289e-06 4.40059e-05 9.30354e-05 0.00013848 0.000175826 0.000201031 0.00021099 0.000203921 0.000179621 0.000139563 8.68066e-05 2.57283e-05 -3.83973e-05 -9.99273e-05 -0.000153426 -0.000194225 -0.000218892 -0.000225571 -0.000214144 -0.000186198 -0.000144814 -9.4203e-05 -3.92318e-05 1.5098e-05 6.41556e-05 0.000104121 0.000132307 0.00014734 0.000149188 0.000139041 0.000119079 9.21525e-05 6.1431e-05 3.00494e-05 8.04028e-07 -2.40806e-05 -4.30965e-05 -5.55008e-05 -6.12786e-05 -6.10345e-05 -5.58346e-05 -4.70262e-05 -3.60559e-05 -2.43088e-05 -1.29812e-05 -2.99703e-06 5.03261e-06 1.08083e-05 1.43089e-05 1.57354e-05 1.54427e-05 1.38697e-05 1.1476e-05 8.6899e-06 5.87236e-06 3.29634e-06 1.14061e-06 -5.04782e-07 -1.62479e-06 -2.26107e-06 -2.49227e-06
-8.45511e-07 -2.12676e-06 -3.6751e-06 -5.38789e-06 -7.09963e-06 -8.58238e-06 -9.55547e-06 -9.70637e-06 -8.72302e-06 -6.33682e-06 -2.37282e-06 3.19757e-06 1.02084e-05 1.82643e-05 2.67264e-05 3.47279e-05 4.12239e-05 4.50773e-05 4.51787e-05 4.05895e-05 3.0697e-05 1.53601e-05 -4.97275e-06 -2.91983e-05 -5.55609e-05 -8.17367e-05 -0.000105005 -0.000122494 -0.000131488 -0.000129759 -0.000115893 -8.95583e-05 -5.16828e-05 -4.50614e-06 4.85202e-05 0.000102981 0.000153884 0.000196148 0.000225144 0.000237223 0.000230172 0.000203537 0.000158765 9.91362e-05 2.94976e-05 -4.4195e-05 -0.000115466 -0.000177978 -0.000226187 -0.000255911 -0.000264752 -0.000252324 -0.000220253 -0.000171971 -0.000112307 -4.69544e-05 1.81406e-05 7.73865e-05 0.000126086 0.000160844 0.000179821 0.000182789 0.000171023 0.000147042 0.000114239 7.64522e-05 3.75434e-05 1.00848e-06 -3.03221e-05 -5.44791e-05 -7.04342e-05 -7.8071e-05 -7.80643e-05 -7.1693e-05 -6.06191e-05 -4.66598e-05 -3.1581e-05 -1.69307e-05 -3.92416e-06 6.61524e-06 1.42628e-05 1.89562e-05 2.09276e-05 2.06186e-05 1.8591e-05 1.54427e-05 1.17393e-05 7.9641e-06 4.488e-06 1.55903e-06 -6.92656e-07 -2.23824e-06 -3.12694e-06 -3.46018e-06 -3.36688e-06
-2.04529e-06 -3.54814e-06 -5.22212e-06 -6.90813e-06 -8.38357e-06 -9.37065e-06 -9.55589e-06 -8.6214e-06 -6.28751e-06 -2.36357e-06 3.19757e-06 1.02484e-05 1.84076e-05 2.70415e-05 3.52748e-05 4.20369e-05 4.61463e-05 4.64311e-05 4.1878e-05 3.17954e-05 1.5972e-05 -5.19108e-06 -3.05996e-05 -5.84552e-05 -8.63311e-05 -0.000111341 -0.000130394 -0.000140516 -0.000139211 -0.000124822 -9.68356e-05 -5.61012e-05 -4.91051e-06 5.30812e-05 0.000113102 0.00016967 0.000217116 0.000250187 0.000264641 0.00025778 0.000228843 0.000179203 0.000112336 3.3556e-05 -5.04722e-05 -0.000132382 -0.000204851 -0.000261358 -0.000296862 -0.00030832 -0.000294996 -0.00025851 -0.000202631 -0.000132848 -5.57597e-05 2.16268e-05 9.26195e-05 0.000151495 0.000194015 0.000217755 0.000222215 0.000208725 0.00018016 0.000140516 9.44058e-05 4.65414e-05 1.25507e-06 -3.78842e-05 -6.83321e-05 -8.869e-05 -9.8691e-05 -9.90687e-05 -9.13393e-05 -7.7533e-05 -5.99124e-05 -4.07095e-05 -2.191e-05 -5.09812e-06 8.6279e-06 1.8675e-05 2.49175e-05 2.76164e-05 2.73153e-05 2.47255e-05 2.06186e-05 1.57354e-05 1.07169e-05 6.0629e-06 2.11436e-06 -9.43057e-07 -3.05932e-06 -4.29075e-06 -4.7666e-06 -4.65622e-06 -4.14056e-06
-3.39891e-06 -5.02206e-06 -6.66949e-06 -8.12563e-06 -9.1179e-06 -9.33453e-06 -8.45464e-06 -6.19003e-06 -2.33603e-06 3.17269e-06 1.02084e-05 1.84076e-05 2.71473e-05 3.55515e-05 4.25324e-05 4.6873e-05 4.73469e-05 4.28711e-05 3.26768e-05 1.6479e-05 -5.37682e-06 -3.18185e-05 -6.10217e-05 -9.04742e-05 -0.000117141 -0.000137724 -0.000148995 -0.000148189 -0.000133392 -0.000103889 -6.04233e-05 -5.30953e-06 5.76191e-05 0.000123252 0.000185619 0.000238455 0.000275852 0.000292931 0.000286453 0.000255293 0.000200698 0.000126303 3.78757e-05 -5.71925e-05 -0.000150596 -0.000233947 -0.000299649 -0.000341686 -0.000356263 -0.000342201 -0.00030105 -0.0002369 -0.000155922 -6.5701e-05 2.55824e-05 0.000109988 0.000180609 0.000232206 0.000261638 0.000268042 0.000252756 0.000219019 0.000171492 0.000115668 5.72469e-05 1.5498e-06 -4.69638e-05 -8.50406e-05 -0.000110808 -0.000123786 -0.000124746 -0.000115464 -9.83946e-05 -7.63304e-05 -5.20683e-05 -2.8133e-05 -6.57173e-06 1.11653e-05 2.42619e-05 3.24985e-05 3.61596e-05 3.59052e-05 3.26282e-05 2.73153e-05 2.09276e-05 1.43089e-05 8.12672e-06 2.84518e-06 -1.27399e-06 -4.14905e-06 -5.8419e-06 -6.51517e-06 -6.38921e-06 -5.70386e-06 -4.68812e-06
-4.79209e-06 -6.38898e-06 -7.81435e-06 -8.80291e-06 -9.04733e-06 -8.22659e-06 -6.04664e-06 -2.29085e-06 3.1235e-06 1.00895e-05 1.82643e-05 2.70415e-05 3.55515e-05 4.26989e-05 4.72406e-05 4.7905e-05 4.35462e-05 3.33213e-05 1.68698e-05 -5.52587e-06 -3.28285e-05 -6.32051e-05 -9.40783e-05 -0.000122284 -0.000144333 -0.000156757 -0.000156519 -0.000141442 -0.00011059 -6.45721e-05 -5.6963e-06 6.20582e-05 0.000133267 0.000201488 0.000259854 0.000301783 0.000321722 0.000315839 0.000282583 0.000223021 0.000140901 4.24188e-05 -6.43033e-05 -0.000169982 -0.000265097 -0.000340876 -0.000390217 -0.000408457 -0.000393871 -0.000347863 -0.000274808 -0.000181581 -7.68122e-05 3.00259e-05 0.000129598 0.000213643 0.000275752 0.000311919 0.000320804 0.000303693 0.000264187 0.000207669 0.000140617 6.98669e-05 1.89886e-06 -5.77665e-05 -0.000105011 -0.000137366 -0.000154054 -0.000155857 -0.000144824 -0.000123897 -9.64906e-05 -6.60781e-05 -3.58423e-05 -8.40538e-06 1.43366e-05 3.12748e-05 4.20562e-05 4.69771e-05 4.68293e-05 4.27217e-05 3.59052e-05 2.76164e-05 1.89562e-05 1.08083e-05 3.79881e-06 -1.70766e-06 -5.58316e-06 -7.8919e-06 -8.83588e-06 -8.69897e-06 -7.79625e-06 -6.43299e-06 -4.8753e-06
-6.07264e-06 -7.4565e-06 -8.43267e-06 -8.70073e-06 -7.9424e-06 -5.8606e-06 -2.22906e-06 3.05114e-06 9.89434e-06 1.79811e-05 2.67264e-05 3.52748e-05 4.25324e-05 4.72406e-05 4.80925e-05 4.38877e-05 3.37141e-05 1.71355e-05 -5.63486e-06 -3.3607e-05 -6.49572e-05 -9.70647e-05 -0.00012666 -0.000150083 -0.000163639 -0.000164031 -0.00014881 -0.000116806 -6.84686e-05 -6.06368e-06 6.63192e-05 0.000142975 0.000217011 0.000280969 0.000327582 0.000350592 0.000345529 0.000310357 0.0002459 0.000155963 4.71371e-05 -7.17355e-05 -0.000190371 -0.000298057 -0.000384757 -0.000442174 -0.000464654 -0.000449815 -0.000398827 -0.000316303 -0.000209817 -8.91037e-05 3.4967e-05 0.000151515 0.000250751 0.000324915 0.000368969 0.000380964 0.000362056 0.000316191 0.00024952 0.000169616 8.46054e-05 2.30843e-06 -7.0501e-05 -0.000128662 -0.000168963 -0.000190232 -0.000193211 -0.000180236 -0.000154796 -0.000121026 -8.32049e-05 -4.53089e-05 -1.0667e-05 1.82653e-05 4.00011e-05 5.40012e-05 6.05559e-05 6.06016e-05 5.55024e-05 4.68293e-05 3.61596e-05 2.49175e-05 1.42628e-05 5.03261e-06 -2.27113e-06 -7.45449e-06 -1.05783e-05 -1.189e-05 -1.17516e-05 -1.05733e-05 -8.75857e-06 -6.66374e-06 -4.57361e-06
-7.05967e-06 -8.01514e-06 -8.3023e-06 -7.60836e-06 -5.63608e-06 -2.15205e-06 2.95727e-06 9.62746e-06 1.75646e-05 2.62095e-05 3.47279e-05 4.20369e-05 4.6873e-05 4.7905e-05 4.38877e-05 3.3846e-05 1.72699e-05 -5.70128e-06 -3.41363e-05 -6.62384e-05 -9.93665e-05 -0.000130171 -0.000154847 -0.000169494 -0.000170565 -0.000155343 -0.000122412 -7.20353e-05 -6.40452e-06 7.03212e-05 0.000152196 0.000231911 0.000301436 0.00035282 0.000379081 0.000375068 0.000338208 0.000269015 0.000171292 5.19726e-05 -7.9404e-05 -0.000211546 -0.000332506 -0.000430907 -0.00049715 -0.000524469 -0.000509707 -0.000453699 -0.000361229 -0.000240556 -0.000102558 4.04043e-05 0.000175761 0.000292015 0.000379864 0.000433057 0.000448886 0.000428275 0.000375486 0.000297472 0.000203004 0.000101656 2.78449e-06 -8.53733e-05 -0.000156414 -0.00020621 -0.000233077 -0.000237653 -0.000222562 -0.000191896 -0.00015062 -0.000103955 -5.68301e-05 -1.34318e-05 2.30894e-05 5.0764e-05 6.87993e-05 7.74522e-05 7.7814e-05 7.15455e-05 6.06016e-05 4.69771e-05 3.24985e-05 1.8675e-05 6.61524e-06 -2.99703e-06 -9.8756e-06 -1.40688e-05 -1.58752e-05 -1.57518e-05 -1.42279e-05 -1.18321e-05 -9.03738e-06 -6.22702e-06 -3.6785e-06
-7.559e-06 -7.86046e-06 -7.23164e-06 -5.37799e-06 -2.06154e-06 2.84398e-06 9.29487e-06 1.70242e-05 2.55025e-05 3.39235e-05 4.12239e-05 4.61463e-05 4.73469e-05 4.35462e-05 3.37141e-05 1.72699e-05 -5.7236e-06 -3.4404e-05 -6.70192e-05 -0.000100931 -0.000132738 -0.000158519 -0.000174193 -0.000175979 -0.000160902 -0.000127288 -7.51981e-05 -6.71188e-06 7.39844e-05 0.000160751 0.000245905 0.000320877 0.000377045 0.000406694 0.000403964 0.00036569 0.000292013 0.000186663 5.68582e-05 -8.72082e-05 -0.000233247 -0.000368051 -0.000478838 -0.000554611 -0.000587378 -0.00057308 -0.000512104 -0.000409326 -0.000273652 -0.000117125 4.63237e-05 0.0002023 0.000337422 0.00044065 0.000504321 0.000524801 0.000502664 0.00044243 0.00035188 0.000241074 0.000121192 3.3326e-06 -0.000102578 -0.000188671 -0.000249711 -0.00028335 -0.000290044 -0.000272689 -0.000236036 -0.000185991 -0.00012887 -7.07262e-05 -1.67815e-05 2.89607e-05 6.39216e-05 8.69705e-05 9.8292e-05 9.91376e-05 9.1508e-05 7.7814e-05 6.05559e-05 4.20562e-05 2.42619e-05 8.6279e-06 -3.92416e-06 -1.29812e-05 -1.85655e-05 -2.10312e-05 -2.09494e-05 -1.89968e-05 -1.58597e-05 -1.21611e-05 -8.41216e-06 -4.98878e-06 -2.12895e-06
-7.38422e-06 -6.82009e-06 -5.09178e-06 -1.95947e-06 2.71374e-06 8.90394e-06 1.6372e-05 2.46216e-05 3.28797e-05 4.01119e-05 4.50773e-05 4.64311e-05 4.28711e-05 3.33213e-05 1.71355e-05 -5.70128e-06 -3.4404e-05 -6.72815e-05 -0.000101723 -0.000134303 -0.000161015 -0.000177628 -0.000180153 -0.000165362 -0.000131329 -7.78888e-05 -6.97925e-06 7.72327e-05 0.000168465 0.000258715 0.000338913 0.000399798 0.000432924 0.000431701 0.000392328 0.000314511 0.000201831 6.1719e-05 -9.50341e-05 -0.000255173 -0.000404225 -0.000527959 -0.000613898 -0.000652713 -0.000639316 -0.000573529 -0.000460218 -0.00030888 -0.00013272 5.26971e-05 0.000231033 0.000386857 0.000507185 0.000582742 0.000608779 0.000585383 0.000517253 0.000412999 0.000284054 0.000143358 3.95756e-06 -0.000122292 -0.00022581 -0.000300034 -0.000341785 -0.000351229 -0.000331505 -0.00028807 -0.00022788 -0.000158513 -8.73353e-05 -2.08035e-05 3.60421e-05 7.9863e-05 0.000109085 0.000123768 0.000125322 0.00011613 9.91376e-05 7.74522e-05 5.40012e-05 3.12748e-05 1.11653e-05 -5.09812e-06 -1.69307e-05 -2.43088e-05 -2.7645e-05 -2.76453e-05 -2.51666e-05 -2.10929e-05 -1.62372e-05 -1.12757e-05 -6.71314e-06 -2.87602e-06 7.36268e-08
-6.3819e-06 -4.78328e-06 -1.84795e-06 2.56932e-06 8.46308e-06 1.56223e-05 2.3586e-05 3.16201e-05 3.87262e-05 4.36904e-05 4.51787e-05 4.1878e-05 3.26768e-05 1.68698e-05 -5.63486e-06 -3.41363e-05 -6.70192e-05 -0.000101723 -0.000134829 -0.000162278 -0.000179722 -0.00018299 -0.000168624 -0.000134443 -8.00479e-05 -7.20079e-06 7.99962e-05 0.000175176 0.000270074 0.000355178 0.000420624 0.000457259 0.000457751 0.000417631 0.000336105 0.000216533 6.6474e-05 -0.000102756 -0.000276988 -0.000440499 -0.000577589 -0.000674235 -0.00071967 -0.000707659 -0.000637324 -0.00051341 -0.000345929 -0.000149221 5.94808e-05 0.000261795 0.000440082 0.000579223 0.000668117 0.000700701 0.000676409 0.000600025 0.000480962 0.000332093 0.000168258 4.66315e-06 -0.000144659 -0.000268155 -0.000357694 -0.000409063 -0.000422011 -0.000399872 -0.000348839 -0.000277032 -0.000193457 -0.000107005 -2.55887e-05 4.45061e-05 9.90037e-05 0.000135759 0.000154635 0.000157189 0.000146229 0.000125322 9.8292e-05 6.87993e-05 4.00011e-05 1.43366e-05 -6.57173e-06 -2.191e-05 -3.1581e-05 -3.60559e-05 -3.61973e-05 -3.30809e-05 -2.78347e-05 -2.15108e-05 -1.49963e-05 -8.96322e-06 -3.85502e-06 9.90757e-08 2.85015e-06
-4.45851e-06 -1.72922e-06 2.41365e-06 7.98144e-06 1.47909e-05 2.24182e-05 3.01721e-05 3.70975e-05 4.20167e-05 4.3618e-05 4.05895e-05 3.17954e-05 1.6479e-05 -5.52587e-06 -3.3607e-05 -6.62384e-05 -0.000100931 -0.000134303 -0.000162278 -0.000180426 -0.000184425 -0.000170611 -0.00013656 -8.16267e-05 -7.37155e-06 8.22138e-05 0.000180737 0.000279738 0.000369327 0.000439092 0.000479203 0.000481597 0.000441106 0.000356387 0.000230499 7.10381e-05 -0.000110242 -0.000298328 -0.000476293 -0.000626966 -0.00073474 -0.000787322 -0.000777211 -0.000702703 -0.000568293 -0.000384407 -0.000166468 6.66154e-05 0.000294344 0.000496734 0.000656346 0.000760039 0.000800225 0.000775507 0.000690624 0.000555751 0.000385235 0.000195947 5.45177e-06 -0.000169785 -0.000315964 -0.000423116 -0.000485774 -0.000503112 -0.000478584 -0.00041914 -0.000334164 -0.000234267 -0.000130085 -3.12298e-05 5.453e-05 0.000121777 0.00016764 0.000191696 0.000195624 0.000182698 0.000157189 0.000123768 8.69705e-05 5.0764e-05 1.82653e-05 -8.40538e-06 -2.8133e-05 -4.07095e-05 -4.66598e-05 -4.70262e-05 -4.31456e-05 -3.64453e-05 -2.82754e-05 -1.97894e-05 -1.18743e-05 -5.12706e-06 1.32283e-07 3.82035e-06 6.03516e-06
-1.60553e-06 2.24977e-06 7.46864e-06 1.38948e-05 2.11424e-05 2.85664e-05 3.52606e-05 4.00926e-05 4.17835e-05 3.90345e-05 3.0697e-05 1.5972e-05 -5.37682e-06 -3.28285e-05 -6.49572e-05 -9.93665e-05 -0.000132738 -0.000161015 -0.000179722 -0.000184425 -0.000171279 -0.000137631 -8.25889e-05 -7.48764e-06 8.38353e-05 0.000185023 0.000287493 0.000381051 0.000454803 0.000498292 0.000502741 0.000462275 0.000374952 0.000243455 7.53249e-05 -0.000117351 -0.000318811 -0.000510988 -0.000675269 -0.000794443 -0.00085463 -0.000846957 -0.000768759 -0.000624148 -0.000423841 -0.000184263 7.40251e-05 0.000328365 0.000556315 0.00073795 0.000857879 0.000906774 0.000882204 0.000788717 0.000637172 0.000443402 0.000226416 6.32417e-06 -0.000197725 -0.0003694 -0.000496609 -0.000572382 -0.000595132 -0.000568332 -0.000499689 -0.000399942 -0.000281479 -0.000156913 -3.78177e-05 6.62916e-05 0.000148622 0.000205397 0.00023579 0.000241564 0.000226485 0.000195624 0.000154635 0.000109085 6.39216e-05 2.30894e-05 -1.0667e-05 -3.58423e-05 -5.20683e-05 -5.99124e-05 -6.06191e-05 -5.58346e-05 -4.73484e-05 -3.68781e-05 -2.59113e-05 -1.56085e-05 -6.76578e-06 1.75247e-07 5.08095e-06 8.058e-06 9.37727e-06
2.0807e-06 6.9344e-06 1.29513e-05 1.9784e-05 2.68357e-05 3.32539e-05 3.79589e-05 3.97146e-05 3.7247e-05 2.94059e-05 1.53601e-05 -5.19108e-06 -3.18185e-05 -6.32051e-05 -9.70647e-05 -0.000130171 -0.000158519 -0.000177628 -0.00018299 -0.000170611 -0.000137631 -8.29122e-05 -7.54637e-06 8.48235e-05 0.000187937 0.000293163 0.000390087 0.000467411 0.00051411 0.00052073 0.00048069 0.000391415 0.000255139 7.92488e-05 -0.000123948 -0.00033805 -0.000543944 -0.000721634 -0.000852313 -0.000920472 -0.000915778 -0.00083448 -0.000680157 -0.000463684 -0.000202373 8.16189e-05 0.000363466 0.000618195 0.000823242 0.000960779 0.00101951 0.00099577 0.000893734 0.000724836 0.000506381 0.000259587 7.27907e-06 -0.000228471 -0.000428511 -0.000578331 -0.000669182 -0.000698503 -0.000669659 -0.000591082 -0.000474943 -0.000335572 -0.0001878 -4.5439e-05 7.99629e-05 0.000179974 0.000249699 0.00028777 0.00029597 0.000278581 0.000241564 0.000191696 0.000135759 7.9863e-05 2.89607e-05 -1.34318e-05 -4.53089e-05 -6.60781e-05 -7.63304e-05 -7.7533e-05 -7.1693e-05 -6.10345e-05 -4.77239e-05 -3.36629e-05 -2.03573e-05 -8.85877e-06 2.30358e-07 6.70492e-06 1.06751e-05 1.24715e-05 1.25508e-05
6.38827e-06 1.1978e-05 1.83688e-05 2.50136e-05 3.11174e-05 3.56591e-05 3.74545e-05 3.52648e-05 2.795e-05 1.46568e-05 -4.97275e-06 -3.05996e-05 -6.10217e-05 -9.40783e-05 -0.00012666 -0.000154847 -0.000174193 -0.000180153 -0.000168624 -0.00013656 -8.25889e-05 -7.54637e-06 8.51555e-05 0.000189411 0.000296619 0.00039623 0.00047663 0.000526302 0.000535165 0.000495949 0.00040542 0.000265302 8.27282e-05 -0.000129896 -0.00035566 -0.00057452 -0.00076518 -0.000907282 -0.000983673 -0.000982487 -0.000898771 -0.000735426 -0.000503324 -0.000220534 8.92913e-05 0.00039919 0.000681612 0.000911246 0.00106765 0.00113735 0.00111521 0.00100485 0.000818145 0.000573805 0.000295302 8.31296e-06 -0.000261943 -0.000493213 -0.000668261 -0.000776265 -0.000813448 -0.000782911 -0.000693749 -0.00055962 -0.000396948 -0.000223018 -5.41714e-05 9.57031e-05 0.000216244 0.000301194 0.000348475 0.000359808 0.000339994 0.00029597 0.00023579 0.00016764 9.90037e-05 3.60421e-05 -1.67815e-05 -5.68301e-05 -8.32049e-05 -9.64906e-05 -9.83946e-05 -9.13393e-05 -7.80643e-05 -6.12786e-05 -4.33932e-05 -2.63444e-05 -1.1509e-05 3.00443e-07 8.77909e-06 1.40322e-05 1.64576e-05 1.66271e-05 1.51792e-05
1.09917e-05 1.69221e-05 2.31338e-05 2.88915e-05 3.32379e-05 3.5048e-05 3.31282e-05 2.63593e-05 1.38767e-05 -4.72653e-06 -2.91983e-05 -5.84552e-05 -9.04742e-05 -0.000122284 -0.000150083 -0.000169494 -0.000175979 -0.000165362 -0.000134443 -8.16267e-05 -7.48764e-06 8.48235e-05 0.000189411 0.000297779 0.000399337 0.000482248 0.00053459 0.000545721 0.00050771 0.000416659 0.000273724 8.56883e-05 -0.000135071 -0.000371275 -0.000602091 -0.000805041 -0.000958281 -0.00104303 -0.00104585 -0.000960481 -0.000788997 -0.000542101 -0.000238454 9.69248e-05 0.000435012 0.000745686 0.00100081 0.00117717 0.00125893 0.00123926 0.00112099 0.000916278 0.000645147 0.000333316 9.41982e-06 -0.000297982 -0.000563267 -0.000766165 -0.000893475 -0.000939938 -0.000908192 -0.000807913 -0.000654262 -0.000465896 -0.00026278 -6.40793e-05 0.00011365 0.000257801 0.000360483 0.000418703 0.000434011 0.000411716 0.000359808 0.00028777 0.000205397 0.000121777 4.45061e-05 -2.08035e-05 -7.07262e-05 -0.000103955 -0.000121026 -0.000123897 -0.000115464 -9.90687e-05 -7.8071e-05 -5.55008e-05 -3.38268e-05 -1.48357e-05 3.88802e-07 1.14055e-05 1.83014e-05 2.15488e-05 2.18559e-05 2.00307e-05 1.68697e-05
1.54681e-05 2.12288e-05 2.66161e-05 3.07401e-05 3.2541e-05 3.08789e-05 2.46658e-05 1.3036e-05 -4.45754e-06 -2.76444e-05 -5.55609e-05 -8.63311e-05 -0.000117141 -0.000144333 -0.000163639 -0.000170565 -0.000160902 -0.000131329 -8.00479e-05 -7.37155e-06 8.38353e-05 0.000187937 0.000296619 0.000399337 0.000484135 0.000538782 0.000552153 0.000515706 0.000424877 0.000280215 8.80637e-05 -0.000139358 -0.00038456 -0.000626076 -0.000840386 -0.00100427 -0.00109737 -0.00110464 -0.00101844 -0.000839882 -0.000579322 -0.000255824 0.000104392 0.000470361 0.000809434 0.00109062 0.00128783 0.00138267 0.00136638 0.00124083 0.0010182 0.000719713 0.000373296 1.0591e-05 -0.000336342 -0.000638265 -0.000871576 -0.00102038 -0.00107764 -0.00104532 -0.000933541 -0.000758957 -0.000542564 -0.000307221 -7.52095e-05 0.000133913 0.000304953 0.000428084 0.000499168 0.000519444 0.000494688 0.000434011 0.000348475 0.000249699 0.000148622 5.453e-05 -2.55887e-05 -8.73353e-05 -0.00012887 -0.00015062 -0.000154796 -0.000144824 -0.000124746 -9.8691e-05 -7.04342e-05 -4.30965e-05 -1.89751e-05 4.99232e-07 1.47022e-05 2.36838e-05 2.79954e-05 2.85055e-05 2.62272e-05 2.21748e-05 1.72569e-05
1.9329e-05 2.43291e-05 2.82087e-05 2.99782e-05 2.85583e-05 2.29014e-05 1.21509e-05 -4.17115e-06 -2.59695e-05 -5.23989e-05 -8.17367e-05 -0.000111341 -0.000137724 -0.000156757 -0.000164031 -0.000155343 -0.000127288 -7.78888e-05 -7.20079e-06 8.22138e-05 0.000185023 0.000293163 0.00039623 0.000482248 0.000538782 0.000554315 0.00051975 0.000429885 0.000284628 8.98006e-05 -0.000142663 -0.00039522 -0.00064595 -0.000870457 -0.00104428 -0.00114555 -0.00115765 -0.00107149 -0.000887093 -0.000614281 -0.000272323 0.00011156 0.000504623 0.000871795 0.00117924 0.00139793 0.00150674 0.00149483 0.00136278 0.00112265 0.00079665 0.000414819 1.18151e-05 -0.000376685 -0.000717621 -0.000983775 -0.00115624 -0.00122591 -0.0011938 -0.00107031 -0.000873555 -0.000626932 -0.000356382 -8.7586e-05 0.00015656 0.000357921 0.000504406 0.000590465 0.000616855 0.000589756 0.000519444 0.000418703 0.000301194 0.000179974 6.62916e-05 -3.12298e-05 -0.000107005 -0.000158513 -0.000185991 -0.000191896 -0.000180236 -0.000155857 -0.000123786 -8.869e-05 -5.44791e-05 -2.40806e-05 6.36038e-07 1.88044e-05 3.04106e-05 3.60875e-05 3.68888e-05 3.40734e-05 2.89214e-05 2.25954e-05 1.60507e-05
2.20655e-05 2.56843e-05 2.74023e-05 2.62066e-05 2.10977e-05 1.12377e-05 -3.87278e-06 -2.42062e-05 -4.90323e-05 -7.67845e-05 -0.000105005 -0.000130394 -0.000148995 -0.000156519 -0.00014881 -0.000122412 -7.51981e-05 -6.97925e-06 7.99962e-05 0.000180737 0.000287493 0.000390087 0.00047663 0.00053459 0.000552153 0.00051975 0.000431567 0.00028686 9.08592e-05 -0.00014491 -0.000403015 -0.000661268 -0.000894587 -0.00107742 -0.00118654 -0.00120377 -0.00111854 -0.000929665 -0.00064628 -0.00028763 0.000118292 0.000537169 0.000931653 0.00126514 0.00150563 0.00162918 0.00162262 0.00148507 0.00122818 0.000874948 0.000457372 1.30781e-05 -0.000418584 -0.000800564 -0.00110178 -0.0013 -0.00138372 -0.00135275 -0.00121757 -0.000997631 -0.000718781 -0.000410194 -0.000101205 0.000181613 0.000416821 0.00058971 0.000693026 0.000726832 0.000697622 0.000616855 0.000499168 0.000360483 0.000216244 7.99629e-05 -3.78177e-05 -0.000130085 -0.000193457 -0.00022788 -0.000236036 -0.000222562 -0.000193211 -0.000154054 -0.000110808 -6.83321e-05 -3.03221e-05 8.04028e-07 2.3864e-05 3.87441e-05 4.61566e-05 4.73662e-05 4.39223e-05 3.7427e-05 2.9355e-05 2.0934e-05 1.30833e-05
2.32038e-05 2.48528e-05 2.38613e-05 1.92849e-05 1.03123e-05 -3.56777e-06 -2.23871e-05 -4.55249e-05 -7.1571e-05 -9.82583e-05 -0.000122494 -0.000140516 -0.000148189 -0.000141442 -0.000116806 -7.20353e-05 -6.71188e-06 7.72327e-05 0.000175176 0.000279738 0.000381051 0.000467411 0.000526302 0.000545721 0.000515706 0.000429885 0.00028686 9.12148e-05 -0.000146046 -0.000407766 -0.000671681 -0.000912231 -0.00110297 -0.00121943 -0.00124198 -0.00115856 -0.000966699 -0.000674656 -0.000301434 0.000124454 0.000567363 0.000987873 0.00134673 0.001609 0.00174785 0.00174763 0.00160575 0.00133318 0.000953465 0.000500367 1.43635e-05 -0.000461524 -0.000886144 -0.00122433 -0.00145025 -0.0015497 -0.00152094 -0.00137431 -0.00113046 -0.000817673 -0.000468456 -0.000116033 0.000209035 0.000481636 0.000684076 0.00080707 0.000849753 0.000818794 0.000726832 0.000590465 0.000428084 0.000257801 9.57031e-05 -4.5439e-05 -0.000156913 -0.000234267 -0.000277032 -0.00028807 -0.000272689 -0.000237653 -0.000190232 -0.000137366 -8.50406e-05 -3.78842e-05 1.00848e-06 3.00494e-05 4.89771e-05 5.85757e-05 6.03461e-05 5.61775e-05 4.80573e-05 3.78401e-05 2.70906e-05 1.69973e-05 8.3499e-06
2.23651e-05 2.15569e-05 1.74906e-05 9.38947e-06 -3.26121e-06 -2.05436e-05 -4.19395e-05 -6.61924e-05 -9.12297e-05 -0.000114177 -0.000131488 -0.000139211 -0.000133392 -0.00011059 -6.84686e-05 -6.40452e-06 7.39844e-05 0.000168465 0.000270074 0.000369327 0.000454803 0.00051411 0.000535165 0.00050771 0.000424877 0.000284628 9.08592e-05 -0.000146046 -0.000409362 -0.000676949 -0.000922984 -0.00112034 -0.00124348 -0.00127143 -0.00119068 -0.000997385 -0.000698796 -0.000313442 0.000129918 0.000594591 0.00103933 0.00142243 0.0017061 0.00186058 0.00186763 0.00172272 0.00143589 0.00103094 0.000543143 1.56525e-05 -0.000504908 -0.000973239 -0.00134992 -0.00160528 -0.00172207 -0.00169673 -0.00153915 -0.00127101 -0.000922933 -0.00053083 -0.000131997 0.000238725 0.000552198 0.000787366 0.000932568 0.000985731 0.000953536 0.000849753 0.000693026 0.000504406 0.000304953 0.00011365 -5.41714e-05 -0.0001878 -0.000281479 -0.000334164 -0.000348839 -0.000331505 -0.000290044 -0.000233077 -0.000168963 -0.000105011 -4.69638e-05 1.25507e-06 3.75434e-05 6.1431e-05 7.3758e-05 7.62846e-05 7.1293e-05 6.12266e-05 4.83982e-05 3.47851e-05 2.19104e-05 1.08056e-05 2.03532e-06
1.93235e-05 1.57399e-05 8.48268e-06 -2.95779e-06 -1.87051e-05 -3.83358e-05 -6.07415e-05 -8.40448e-05 -0.000105596 -0.000122082 -0.000129759 -0.000124822 -0.000103889 -6.45721e-05 -6.06368e-06 7.03212e-05 0.000160751 0.000258715 0.000355178 0.000439092 0.000498292 0.00052073 0.000495949 0.000416659 0.000280215 8.98006e-05 -0.00014491 -0.000407766 -0.000676949 -0.000926596 -0.00112913 -0.00125814 -0.00129145 -0.00121416 -0.00102104 -0.000718167 -0.000323391 0.000134567 0.000618277 0.00108497 0.0014907 0.00179497 0.00196516 0.00198033 0.00183382 0.00153448 0.00110604 0.000584988 1.69244e-05 -0.000548073 -0.00106058 -0.00147682 -0.00176306 -0.00189873 -0.0018781 -0.00171035 -0.00141792 -0.00103364 -0.000596828 -0.000148989 0.000270511 0.000628171 0.0008992 0.00106919 0.00113457 0.00110181 0.000985731 0.00080707 0.00058971 0.000357921 0.000133913 -6.40793e-05 -0.000223018 -0.000335572 -0.000399942 -0.00041914 -0.000399872 -0.000351229 -0.00028335 -0.00020621 -0.000128662 -5.77665e-05 1.5498e-06 4.65414e-05 7.64522e-05 9.21525e-05 9.56823e-05 8.97714e-05 7.73976e-05 6.14206e-05 4.43173e-05 2.80238e-05 1.38746e-05 2.62363e-06 -5.47799e-06
1.40541e-05 7.60382e-06 -2.66172e-06 -1.68987e-05 -3.47691e-05 -5.53058e-05 -7.68231e-05 -9.69006e-05 -0.000112467 -0.000120007 -0.000115893 -9.68356e-05 -6.04233e-05 -5.6963e-06 6.63192e-05 0.000152196 0.000245905 0.000338913 0.000420624 0.000479203 0.000502741 0.00048069 0.00040542 0.000273724 8.80637e-05 -0.000142663 -0.000403015 -0.000671681 -0.000922984 -0.00112913 -0.00126306 -0.00130158 -0.00122847 -0.00103712 -0.000732332 -0.00033106 0.000138297 0.000637904 0.00112379 0.00155008 0.00187378 0.00205947 0.00208349 0.0019369 0.00162707 0.00117737 0.000625154 1.81572e-05 -0.000590298 -0.00114676 -0.00160307 -0.00192127 -0.00207721 -0.00206269 -0.00188581 -0.00156949 -0.00114861 -0.00066581 -0.00016686 0.000304144 0.000709036 0.00101893 0.0012163 0.00129572 0.00126323 0.00113457 0.000932568 0.000684076 0.000416821 0.00015656 -7.52095e-05 -0.00026278 -0.000396948 -0.000474943 -0.000499689 -0.000478584 -0.000422011 -0.000341785 -0.000249711 -0.000156414 -7.0501e-05 1.89886e-06 5.72469e-05 9.44058e-05 0.000114239 0.000119079 0.00011216 9.70784e-05 7.73402e-05 5.60223e-05 3.55641e-05 1.76767e-05 3.35568e-06 -7.03388e-06 -1.36243e-05
6.76298e-06 -2.37665e-06 -1.51479e-05 -3.12888e-05 -4.99646e-05 -6.96756e-05 -8.8229e-05 -0.000102803 -0.000110125 -0.000106766 -8.95583e-05 -5.61012e-05 -5.30953e-06 6.20582e-05 0.000142975 0.000231911 0.000320877 0.000399798 0.000457259 0.000481597 0.000462275 0.000391415 0.000265302 8.56883e-05 -0.000139358 -0.00039522 -0.000661268 -0.000912231 -0.00112034 -0.00125814 -0.00130158 -0.00123328 -0.00104525 -0.000740964 -0.000336274 0.000141025 0.000653031 0.00115494 0.00159929 0.00194083 0.00214151 0.00217496 0.00202986 0.00171183 0.00124355 0.000662878 1.93282e-05 -0.000630828 -0.00123029 -0.00172658 -0.00207739 -0.00225479 -0.0022478 -0.00206308 -0.00172375 -0.00126644 -0.000736984 -0.00018542 0.000339297 0.000794083 0.00114561 0.00137287 0.00146824 0.00143703 0.00129572 0.00106919 0.000787366 0.000481636 0.000181613 -8.7586e-05 -0.000307221 -0.000465896 -0.00055962 -0.000591082 -0.000568332 -0.000503112 -0.000409063 -0.000300034 -0.000188671 -8.53733e-05 2.30843e-06 6.98669e-05 0.000115668 0.000140516 0.000147042 0.000139041 0.000120816 9.66281e-05 7.02678e-05 4.47819e-05 2.23455e-05 4.25858e-06 -8.9614e-06 -1.74258e-05 -2.16935e-05
-2.10559e-06 -1.34728e-05 -2.79378e-05 -4.4788e-05 -6.27012e-05 -7.97083e-05 -9.32387e-05 -0.00010027 -9.75919e-05 -8.21833e-05 -5.16828e-05 -4.91051e-06 5.76191e-05 0.000133267 0.000217011 0.000301436 0.000377045 0.000432924 0.000457751 0.000441106 0.000374952 0.000255139 8.27282e-05 -0.000135071 -0.00038456 -0.00064595 -0.000894587 -0.00110297 -0.00124348 -0.00129145 -0.00122847 -0.00104525 -0.000743864 -0.000338911 0.000142687 0.000663315 0.00117772 0.00163721 0.00199463 0.00220949 0.00225279 0.00211072 0.00178699 0.00130323 0.00069741 2.04147e-05 -0.000668895 -0.00130964 -0.00184513 -0.00222872 -0.00242851 -0.00243045 -0.00223945 -0.00187844 -0.00138549 -0.000809419 -0.000204441 0.000375568 0.00088241 0.00127802 0.00153755 0.00165079 0.00162202 0.00146824 0.0012163 0.0008992 0.000552198 0.000209035 -0.000101205 -0.000356382 -0.000542564 -0.000654262 -0.000693749 -0.000669659 -0.000595132 -0.000485774 -0.000357694 -0.00022581 -0.000102578 2.78449e-06 8.46054e-05 0.000140617 0.000171492 0.00018016 0.000171023 0.000149188 0.000119787 8.74496e-05 5.59501e-05 2.80275e-05 5.36236e-06 -1.13283e-05 -2.21145e-05 -2.76382e-05 -2.88909e-05
-1.18897e-05 -2.47515e-05 -3.98353e-05 -5.59859e-05 -7.145e-05 -8.39057e-05 -9.05864e-05 -8.8512e-05 -7.48287e-05 -4.72419e-05 -4.50614e-06 5.30812e-05 0.000123252 0.000201488 0.000280969 0.00035282 0.000406694 0.000431701 0.000417631 0.000356387 0.000243455 7.92488e-05 -0.000129896 -0.000371275 -0.000626076 -0.000870457 -0.00107742 -0.00121943 -0.00127143 -0.00121416 -0.00103712 -0.000740964 -0.000338911 0.000143246 0.000668517 0.0011916 0.00166299 0.00203397 0.00226189 0.00231524 0.00217772 0.00185093 0.00135515 0.00072803 2.13944e-05 -0.00070374 -0.00138325 -0.00195647 -0.00237246 -0.00259525 -0.00260749 -0.00241198 -0.00203108 -0.00150393 -0.000882055 -0.000223659 0.00041248 0.000972931 0.00141464 0.00170857 0.00184159 0.00181657 0.00165079 0.00137287 0.00101893 0.000628171 0.000238725 -0.000116033 -0.000410194 -0.000626932 -0.000758957 -0.000807913 -0.000782911 -0.000698503 -0.000572382 -0.000423116 -0.000268155 -0.000122292 3.3326e-06 0.000101656 0.000169616 0.000207669 0.000219019 0.000208725 0.000182789 0.00014734 0.000107986 6.93596e-05 3.48808e-05 6.69968e-06 -1.42088e-05 -2.78464e-05 -3.4938e-05 -3.66645e-05 -3.44161e-05
