-7.70487e-06 -6.36414e-06 1.95797e-05 5.36975e-05 2.08053e-05 -0.000116441 -0.000205136 -1.03915e-05 0.000371019 0.000427173 -9.63322e-05 -0.000642455 -0.000479472 0.000229769 0.000608914 0.000283572 -0.000216157 -0.00031689 -8.38476e-05 0.000100087 9.0573e-05 1.04633e-05 -2.42734e-05 -1.41806e-05 2.15219e-20
-6.36414e-06 2.08425e-05 6.08473e-05 2.5096e-05 -0.000149513 -0.000280387 -1.51195e-05 0.000574645 0.000704289 -0.000169068 -0.00120026 -0.000953543 0.00048642 0.00137221 0.000680253 -0.000551976 -0.000861395 -0.000242621 0.000308291 0.000296978 3.65205e-05 -9.01865e-05 -5.60855e-05 9.06104e-20 1.41806e-05
1.95797e-05 6.08473e-05 2.67146e-05 -0.00016942 -0.000338212 -1.94138e-05 0.000785446 0.00102473 -0.000261858 -0.0019789 -0.00167352 0.000908752 0.00272897 0.0014401 -0.0012439 -0.00206638 -0.000619555 0.000838021 0.000859333 0.000112491 -0.00029571 -0.000195758 1.68329e-19 5.60855e-05 2.42734e-05
5.36975e-05 2.5096e-05 -0.00016942 -0.000360024 -2.19987e-05 0.000947429 0.00131578 -0.000357918 -0.00287928 -0.002592 0.00149828 0.00478948 0.00269045 -0.00247378 -0.00437452 -0.00139619 0.00201031 0.00219438 0.000305782 -0.000855666 -0.000602976 5.5193e-19 0.000195758 9.01865e-05 -1.04633e-05
2.08053e-05 -0.000149513 -0.000338212 -2.19987e-05 0.00100853 0.00149098 -0.000431731 -0.00369707 -0.00354284 0.00217998 0.0074181 0.00443581 -0.00434163 -0.00817269 -0.00277665 0.00425582 0.00494512 0.000733534 -0.00218502 -0.00163906 1.59706e-18 0.000602976 0.00029571 -3.65205e-05 -9.0573e-05
-0.000116441 -0.000280387 -1.94138e-05 0.000947429 0.00149098 -0.000459575 -0.00418933 -0.00427349 0.00279915 0.0101393 0.00645406 -0.00672444 -0.0134745 -0.00487318 0.00795092 0.00983455 0.00155289 -0.00492402 -0.0039319 4.07824e-18 0.00163906 0.000855666 -0.000112491 -0.000296978 -0.000100087
-0.000205136 -1.51195e-05 0.000785446 0.00131578 -0.000431731 -0.00418933 -0.0045491 0.00317186 0.0122304 0.00828718 -0.00919122 -0.0196053 -0.00754772 0.0131089 0.0172602 0.00290118 -0.00979258 -0.00832383 9.19047e-18 0.0039319 0.00218502 -0.000305782 -0.000859333 -0.000308291 8.38476e-05
-1.03915e-05 0.000574645 0.00102473 -0.000357918 -0.00369707 -0.00427349 0.00317186 0.0130192 0.0093906 -0.0110867 -0.0251737 -0.0103165 0.0190733 0.0267331 0.00478324 -0.0171865 -0.015551 9.13871e-18 0.00832383 0.00492402 -0.000733534 -0.00219438 -0.000838021 0.000242621 0.00031689
0.000371019 0.000704289 -0.000261858 -0.00287928 -0.00354284 0.00279915 0.0122304 0.0093906 -0.0118018 -0.0285255 -0.0124441 0.0244906 0.0365398 0.00695957 -0.026619 -0.0256392 1.60389e-17 0.015551 0.00979258 -0.00155289 -0.00494512 -0.00201031 0.000619555 0.000861395 0.000216157
0.000427173 -0.000169068 -0.0019789 -0.002592 0.00217998 0.0101393 0.00828718 -0.0110867 -0.0285255 -0.0132467 0.0277515 0.0440754 0.00893627 -0.0363838 -0.0373048 2.48416e-17 0.0256392 0.0171865 -0.00290118 -0.00983455 -0.00425582 0.00139619 0.00206638 0.000551976 -0.000283572
-9.63322e-05 -0.00120026 -0.00167352 0.00149828 0.0074181 0.00645406 -0.00919122 -0.0251737 -0.0124441 0.0277515 0.046918 0.0101261 -0.0438873 -0.0479003 1.69772e-17 0.0373048 0.026619 -0.00478324 -0.0172602 -0.00795092 0.00277665 0.00437452 0.0012439 -0.000680253 -0.000608914
-0.000642455 -0.000953543 0.000908752 0.00478948 0.00443581 -0.00672444 -0.0196053 -0.0103165 0.0244906 0.0440754 0.0101261 -0.0467178 -0.0542782 1.02392e-17 0.0479003 0.0363838 -0.00695957 -0.0267331 -0.0131089 0.00487318 0.00817269 0.00247378 -0.0014401 -0.00137221 -0.000229769
-0.000479472 0.00048642 0.00272897 0.00269045 -0.00434163 -0.0134745 -0.00754772 0.0190733 0.0365398 0.00893627 -0.0438873 -0.0542782 0 0.0542782 0.0438873 -0.00893627 -0.0365398 -0.0190733 0.00754772 0.0134745 0.00434163 -0.00269045 -0.00272897 -0.00048642 0.000479472
0.000229769 0.00137221 0.0014401 -0.00247378 -0.00817269 -0.00487318 0.0131089 0.0267331 0.00695957 -0.0363838 -0.0479003 -1.02392e-17 0.0542782 0.0467178 -0.0101261 -0.0440754 -0.0244906 0.0103165 0.0196053 0.00672444 -0.00443581 -0.00478948 -0.000908752 0.000953543 0.000642455
0.000608914 0.000680253 -0.0012439 -0.00437452 -0.00277665 0.00795092 0.0172602 0.00478324 -0.026619 -0.0373048 -1.69772e-17 0.0479003 0.0438873 -0.0101261 -0.046918 -0.0277515 0.0124441 0.0251737 0.00919122 -0.00645406 -0.0074181 -0.00149828 0.00167352 0.00120026 9.63322e-05
0.000283572 -0.000551976 -0.00206638 -0.00139619 0.00425582 0.00983455 0.00290118 -0.0171865 -0.0256392 -2.48416e-17 0.0373048 0.0363838 -0.00893627 -0.0440754 -0.0277515 0.0132467 0.0285255 0.0110867 -0.00828718 -0.0101393 -0.00217998 0.002592 0.0019789 0.000169068 -0.000427173
-0.000216157 -0.000861395 -0.000619555 0.00201031 0.00494512 0.00155289 -0.00979258 -0.015551 -1.60389e-17 0.0256392 0.026619 -0.00695957 -0.0365398 -0.0244906 0.0124441 0.0285255 0.0118018 -0.0093906 -0.0122304 -0.00279915 0.00354284 0.00287928 0.000261858 -0.000704289 -0.000371019
-0.00031689 -0.000242621 0.000838021 0.00219438 0.000733534 -0.00492402 -0.00832383 -9.13871e-18 0.015551 0.0171865 -0.00478324 -0.0267331 -0.0190733 0.0103165 0.0251737 0.0110867 -0.0093906 -0.0130192 -0.00317186 0.00427349 0.00369707 0.000357918 -0.00102473 -0.000574645 1.03915e-05
-8.38476e-05 0.000308291 0.000859333 0.000305782 -0.00218502 -0.0039319 -9.19047e-18 0.00832383 0.00979258 -0.00290118 -0.0172602 -0.0131089 0.00754772 0.0196053 0.00919122 -0.00828718 -0.0122304 -0.00317186 0.0045491 0.00418933 0.000431731 -0.00131578 -0.000785446 1.51195e-05 0.000205136
0.000100087 0.000296978 0.000112491 -0.000855666 -0.00163906 -4.07824e-18 0.0039319 0.00492402 -0.00155289 -0.00983455 -0.00795092 0.00487318 0.0134745 0.00672444 -0.00645406 -0.0101393 -0.00279915 0.00427349 0.00418933 0.000459575 -0.00149098 -0.000947429 1.94138e-05 0.000280387 0.000116441
9.0573e-05 3.65205e-05 -0.00029571 -0.000602976 -1.59706e-18 0.00163906 0.00218502 -0.000733534 -0.00494512 -0.00425582 0.00277665 0.00817269 0.00434163 -0.00443581 -0.0074181 -0.00217998 0.00354284 0.00369707 0.000431731 -0.00149098 -0.00100853 2.19987e-05 0.000338212 0.000149513 -2.08053e-05
1.04633e-05 -9.01865e-05 -0.000195758 -5.5193e-19 0.000602976 0.000855666 -0.000305782 -0.00219438 -0.00201031 0.00139619 0.00437452 0.00247378 -0.00269045 -0.00478948 -0.00149828 0.002592 0.00287928 0.000357918 -0.00131578 -0.000947429 2.19987e-05 0.000360024 0.00016942 -2.5096e-05 -5.36975e-05
-2.42734e-05 -5.60855e-05 -1.68329e-19 0.000195758 0.00029571 -0.000112491 -0.000859333 -0.000838021 0.000619555 0.00206638 0.0012439 -0.0014401 -0.00272897 -0.000908752 0.00167352 0.0019789 0.000261858 -0.00102473 -0.000785446 1.94138e-05 0.000338212 0.00016942 -2.67146e-05 -6.08473e-05 -1.95797e-05
-1.41806e-05 -9.06104e-20 5.60855e-05 9.01865e-05 -3.65205e-05 -0.000296978 -0.000308291 0.000242621 0.000861395 0.000551976 -0.000680253 -0.00137221 -0.00048642 0.000953543 0.00120026 0.000169068 -0.000704289 -0.000574645 1.51195e-05 0.000280387 0.000149513 -2.5096e-05 -6.08473e-05 -2.08425e-05 6.36414e-06
-2.15219e-20 1.41806e-05 2.42734e-05 -1.04633e-05 -9.0573e-05 -0.000100087 8.38476e-05 0.00031689 0.000216157 -0.000283572 -0.000608914 -0.000229769 0.000479472 0.000642455 9.63322e-05 -0.000427173 -0.000371019 1.03915e-05 0.000205136 0.000116441 -2.08053e-05 -5.36975e-05 -1.95797e-05 6.36414e-06 7.70487e-06

