-7.33177e-12 1.20321e-05 2.67698e-05 2.88634e-05 -3.49975e-11 -6.1104e-05 -0.000119974 -0.000114157 -1.00437e-11 0.000188213 0.000326123 0.000273849 -1.23984e-10 -0.000351629 -0.000537686 -0.000398448 -2.00151e-10 0.000398448 0.000537686 0.000351629 1.06312e-11 -0.000273849 -0.000326123 -0.000188213 -3.68156e-11 0.000114157 0.000119974 6.11039e-05 5.27393e-12 -2.88634e-05 -2.67698e-05 -1.20321e-05 2.06837e-20
1.20321e-05 2.76196e-05 3.0725e-05 -3.84373e-11 -6.92399e-05 -0.000140264 -0.0001377 -1.24995e-11 0.000241671 0.000432043 0.000374307 -1.74845e-10 -0.000511617 -0.000807162 -0.000617128 -3.1984e-10 0.000656929 0.000914635 0.000617128 1.92506e-11 -0.000511617 -0.000628619 -0.000374307 -7.55408e-11 0.000241671 0.000262047 0.0001377 1.22622e-11 -6.92398e-05 -6.62559e-05 -3.0725e-05 5.44944e-20 1.20321e-05
2.67698e-05 3.0725e-05 -3.96574e-11 -7.37055e-05 -0.00015405 -0.000156034 -1.46134e-11 0.000291511 0.000537686 0.000480619 -2.31632e-10 -0.000699297 -0.00113828 -0.000897915 -4.80136e-10 0.00101747 0.00146158 0.00101747 3.27464e-11 -0.000897916 -0.00113828 -0.000699297 -1.45609e-10 0.00048062 0.000537686 0.00029151 2.67832e-11 -0.000156034 -0.00015405 -7.37054e-05 1.34875e-19 3.0725e-05 2.67698e-05
2.88634e-05 -3.84373e-11 -7.37055e-05 -0.00015894 -0.000166098 -1.60497e-11 0.000330325 0.000628619 0.000579737 -2.88271e-10 -0.000897915 -0.00150798 -0.0012273 -6.771e-10 0.00148041 0.00219409 0.00157589 5.23286e-11 -0.00148041 -0.00193628 -0.00122731 -2.63663e-10 0.000897916 0.00103642 0.000579738 5.49556e-11 -0.000330325 -0.000336475 -0.000166098 3.13594e-19 7.37054e-05 6.62559e-05 2.88634e-05
-3.49975e-11 -6.92399e-05 -0.00015405 -0.000166098 -1.65592e-11 0.000351629 0.000690402 0.000656928 -3.37023e-10 -0.00108309 -0.00187671 -0.00157589 -8.97012e-10 0.00202348 0.00309417 0.00229291 7.85546e-11 -0.00229291 -0.00309417 -0.00202348 -4.48506e-10 0.00157589 0.00187671 0.00108309 1.0593e-10 -0.000656929 -0.000690402 -0.000351629 6.84952e-19 0.000166098 0.00015405 6.92398e-05 -5.27393e-12
-6.1104e-05 -0.000140264 -0.000156034 -1.60497e-11 0.000351629 0.000712318 0.000699297 -3.70147e-10 -0.0012273 -0.00219409 -0.00190089 -1.11635e-09 0.0025982 0.00409911 0.00313403 1.1078e-10 -0.00333616 -0.0046449 -0.00313403 -7.16711e-10 0.00259821 0.00319239 0.00190089 1.91814e-10 -0.00122731 -0.00133079 -0.000699297 1.40543e-18 0.000351629 0.000336475 0.000156034 -1.22622e-11 -6.11039e-05
-0.000119974 -0.0001377 -1.46134e-11 0.000330325 0.000690402 0.000699297 -3.81897e-10 -0.00130646 -0.00240974 -0.00215399 -1.30515e-09 0.00313403 0.00510142 0.00402418 1.46759e-10 -0.00455999 -0.00655036 -0.00455999 -1.07591e-09 0.00402418 0.00510142 0.00313403 3.26286e-10 -0.00215399 -0.00240974 -0.00130646 1.35452e-18 0.000699297 0.000690402 0.000330325 -2.67832e-11 -0.0001377 -0.000119974
-0.000114157 -1.24995e-11 0.000291511 0.000628619 0.000656928 -3.70147e-10 -0.00130646 -0.00248623 -0.00229291 -1.43342e-09 0.00355133 0.00596417 0.00485409 1.82645e-10 -0.00585515 -0.00867781 -0.00623277 -1.51728e-09 0.00585515 0.00765814 0.00485409 5.21404e-10 -0.00355133 -0.00409911 -0.00229291 2.45272e-18 0.00130646 0.00133079 0.000656929 -5.49556e-11 -0.00029151 -0.000262047 -0.000114157
-1.00437e-11 0.000241671 0.000537686 0.000579737 -3.37023e-10 -0.0012273 -0.00240974 -0.00229291 -1.47892e-09 0.00378037 0.00655036 0.0055004 2.13533e-10 -0.00706266 -0.0107997 -0.00800303 -2.01007e-09 0.00800304 0.0107997 0.00706265 7.8272e-10 -0.0055004 -0.00655036 -0.00378037 4.17221e-18 0.00229291 0.00240974 0.00122731 -1.0593e-10 -0.000579738 -0.000537686 -0.000241671 3.68156e-11
0.000188213 0.000432043 0.000480619 -2.88271e-10 -0.00108309 -0.00219409 -0.00215399 -1.43342e-09 0.00378037 0.00675829 0.00585515 2.34521e-10 -0.00800304 -0.0126261 -0.0096535 -2.50157e-09 0.0102761 0.0143073 0.0096535 1.10381e-09 -0.00800303 -0.00983325 -0.00585514 6.66717e-18 0.00378037 0.00409911 0.00215399 -1.91814e-10 -0.00108309 -0.00103642 -0.00048062 7.55408e-11 0.000188213
0.000326123 0.000374307 -2.31632e-10 -0.000897915 -0.00187671 -0.00190089 -1.30515e-09 0.00355133 0.00655036 0.00585515 2.41965e-10 -0.00851919 -0.0138671 -0.0109389 -2.92463e-09 0.0123953 0.0178057 0.0123953 1.46231e-09 -0.0109389 -0.0138671 -0.00851919 1.00086e-17 0.00585514 0.00655036 0.00355133 -3.26286e-10 -0.00190089 -0.00187671 -0.000897916 1.45609e-10 0.000374307 0.000326123
0.000273849 -1.74845e-10 -0.000699297 -0.00150798 -0.00157589 -1.11635e-09 0.00313403 0.00596417 0.0055004 2.34521e-10 -0.00851919 -0.0143073 -0.0116443 -3.21207e-09 0.0140458 0.020817 0.0149516 1.81988e-09 -0.0140458 -0.0183709 -0.0116443 7.0572e-18 0.00851919 0.00983325 0.0055004 -5.21404e-10 -0.00313403 -0.00319239 -0.00157589 2.63663e-10 0.000699297 0.000628619 0.000273849
-1.23984e-10 -0.000511617 -0.00113828 -0.0012273 -8.97012e-10 0.0025982 0.00510142 0.00485409 2.13533e-10 -0.00800304 -0.0138671 -0.0116443 -3.31404e-09 0.0149516 0.022863 0.0169424 2.12765e-09 -0.0169424 -0.022863 -0.0149516 9.34927e-18 0.0116443 0.0138671 0.00800303 -7.8272e-10 -0.00485409 -0.00510142 -0.00259821 4.48506e-10 0.00122731 0.00113828 0.000511617 -1.06312e-11
-0.000351629 -0.000807162 -0.000897915 -6.771e-10 0.00202348 0.00409911 0.00402418 1.82645e-10 -0.00706266 -0.0126261 -0.0109389 -3.21207e-09 0.0149516 0.0235887 0.0180351 2.33677e-09 -0.0191983 -0.0267295 -0.0180351 1.16354e-17 0.0149516 0.0183709 0.0109389 -1.10381e-09 -0.00706265 -0.00765814 -0.00402418 7.16711e-10 0.00202348 0.00193628 0.000897916 -1.92506e-11 -0.000351629
-0.000537686 -0.000617128 -4.80136e-10 0.00148041 0.00309417 0.00313403 1.46759e-10 -0.00585515 -0.0107997 -0.0096535 -2.92463e-09 0.0140458 0.022863 0.0180351 2.41095e-09 -0.0204365 -0.0293567 -0.0204365 6.80156e-18 0.0180351 0.022863 0.0140458 -1.46231e-09 -0.0096535 -0.0107997 -0.00585515 1.07591e-09 0.00313403 0.00309417 0.00148041 -3.27464e-11 -0.000617128 -0.000537686
-0.000398448 -3.1984e-10 0.00101747 0.00219409 0.00229291 1.1078e-10 -0.00455999 -0.00867781 -0.00800303 -2.50157e-09 0.0123953 0.020817 0.0169424 2.33677e-09 -0.0204365 -0.0302885 -0.0217545 3.73502e-18 0.0204365 0.0267295 0.0169424 -1.81988e-09 -0.0123953 -0.0143073 -0.00800304 1.51728e-09 0.00455999 0.0046449 0.00229291 -5.23286e-11 -0.00101747 -0.000914635 -0.000398448
-2.00151e-10 0.000656929 0.00146158 0.00157589 7.85546e-11 -0.00333616 -0.00655036 -0.00623277 -2.01007e-09 0.0102761 0.0178057 0.0149516 2.12765e-09 -0.0191983 -0.0293567 -0.0217545 0 0.0217545 0.0293567 0.0191983 -2.12765e-09 -0.0149516 -0.0178057 -0.0102761 2.01007e-09 0.00623277 0.00655036 0.00333616 -7.85546e-11 -0.00157589 -0.00146158 -0.000656929 2.00151e-10
0.000398448 0.000914635 0.00101747 5.23286e-11 -0.00229291 -0.0046449 -0.00455999 -1.51728e-09 0.00800304 0.0143073 0.0123953 1.81988e-09 -0.0169424 -0.0267295 -0.0204365 -3.73502e-18 0.0217545 0.0302885 0.0204365 -2.33677e-09 -0.0169424 -0.020817 -0.0123953 2.50157e-09 0.00800303 0.00867781 0.00455999 -1.1078e-10 -0.00229291 -0.00219409 -0.00101747 3.1984e-10 0.000398448
0.000537686 0.000617128 3.27464e-11 -0.00148041 -0.00309417 -0.00313403 -1.07591e-09 0.00585515 0.0107997 0.0096535 1.46231e-09 -0.0140458 -0.022863 -0.0180351 -6.80156e-18 0.0204365 0.0293567 0.0204365 -2.41095e-09 -0.0180351 -0.022863 -0.0140458 2.92463e-09 0.0096535 0.0107997 0.00585515 -1.46759e-10 -0.00313403 -0.00309417 -0.00148041 4.80136e-10 0.000617128 0.000537686
0.000351629 1.92506e-11 -0.000897916 -0.00193628 -0.00202348 -7.16711e-10 0.00402418 0.00765814 0.00706265 1.10381e-09 -0.0109389 -0.0183709 -0.0149516 -1.16354e-17 0.0180351 0.0267295 0.0191983 -2.33677e-09 -0.0180351 -0.0235887 -0.0149516 3.21207e-09 0.0109389 0.0126261 0.00706266 -1.82645e-10 -0.00402418 -0.00409911 -0.00202348 6.771e-10 0.000897915 0.000807162 0.000351629
1.06312e-11 -0.000511617 -0.00113828 -0.00122731 -4.48506e-10 0.00259821 0.00510142 0.00485409 7.8272e-10 -0.00800303 -0.0138671 -0.0116443 -9.34927e-18 0.0149516 0.022863 0.0169424 -2.12765e-09 -0.0169424 -0.022863 -0.0149516 3.31404e-09 0.0116443 0.0138671 0.00800304 -2.13533e-10 -0.00485409 -0.00510142 -0.0025982 8.97012e-10 0.0012273 0.00113828 0.000511617 1.23984e-10
-0.000273849 -0.000628619 -0.000699297 -2.63663e-10 0.00157589 0.00319239 0.00313403 5.21404e-10 -0.0055004 -0.00983325 -0.00851919 -7.0572e-18 0.0116443 0.0183709 0.0140458 -1.81988e-09 -0.0149516 -0.020817 -0.0140458 3.21207e-09 0.0116443 0.0143073 0.00851919 -2.34521e-10 -0.0055004 -0.00596417 -0.00313403 1.11635e-09 0.00157589 0.00150798 0.000699297 1.74845e-10 -0.000273849
-0.000326123 -0.000374307 -1.45609e-10 0.000897916 0.00187671 0.00190089 3.26286e-10 -0.00355133 -0.00655036 -0.00585514 -1.00086e-17 0.00851919 0.0138671 0.0109389 -1.46231e-09 -0.0123953 -0.0178057 -0.0123953 2.92463e-09 0.0109389 0.0138671 0.00851919 -2.41965e-10 -0.00585515 -0.00655036 -0.00355133 1.30515e-09 0.00190089 0.00187671 0.000897915 2.31632e-10 -0.000374307 -0.000326123
-0.000188213 -7.55408e-11 0.00048062 0.00103642 0.00108309 1.91814e-10 -0.00215399 -0.00409911 -0.00378037 -6.66717e-18 0.00585514 0.00983325 0.00800303 -1.10381e-09 -0.0096535 -0.0143073 -0.0102761 2.50157e-09 0.0096535 0.0126261 0.00800304 -2.34521e-10 -0.00585515 -0.00675829 -0.00378037 1.43342e-09 0.00215399 0.00219409 0.00108309 2.88271e-10 -0.000480619 -0.000432043 -0.000188213
-3.68156e-11 0.000241671 0.000537686 0.000579738 1.0593e-10 -0.00122731 -0.00240974 -0.00229291 -4.17221e-18 0.00378037 0.00655036 0.0055004 -7.8272e-10 -0.00706265 -0.0107997 -0.00800304 2.01007e-09 0.00800303 0.0107997 0.00706266 -2.13533e-10 -0.0055004 -0.00655036 -0.00378037 1.47892e-09 0.00229291 0.00240974 0.0012273 3.37023e-10 -0.000579737 -0.000537686 -0.000241671 1.00437e-11
0.000114157 0.000262047 0.00029151 5.49556e-11 -0.000656929 -0.00133079 -0.00130646 -2.45272e-18 0.00229291 0.00409911 0.00355133 -5.21404e-10 -0.00485409 -0.00765814 -0.00585515 1.51728e-09 0.00623277 0.00867781 0.00585515 -1.82645e-10 -0.00485409 -0.00596417 -0.00355133 1.43342e-09 0.00229291 0.00248623 0.00130646 3.70147e-10 -0.000656928 -0.000628619 -0.000291511 1.24995e-11 0.000114157
0.000119974 0.0001377 2.67832e-11 -0.000330325 -0.000690402 -0.000699297 -1.35452e-18 0.00130646 0.00240974 0.00215399 -3.26286e-10 -0.00313403 -0.00510142 -0.00402418 1.07591e-09 0.00455999 0.00655036 0.00455999 -1.46759e-10 -0.00402418 -0.00510142 -0.00313403 1.30515e-09 0.00215399 0.00240974 0.00130646 3.81897e-10 -0.000699297 -0.000690402 -0.000330325 1.46134e-11 0.0001377 0.000119974
6.11039e-05 1.22622e-11 -0.000156034 -0.000336475 -0.000351629 -1.40543e-18 0.000699297 0.00133079 0.00122731 -1.91814e-10 -0.00190089 -0.00319239 -0.00259821 7.16711e-10 0.00313403 0.0046449 0.00333616 -1.1078e-10 -0.00313403 -0.00409911 -0.0025982 1.11635e-09 0.00190089 0.00219409 0.0012273 3.70147e-10 -0.000699297 -0.000712318 -0.000351629 1.60497e-11 0.000156034 0.000140264 6.1104e-05
5.27393e-12 -6.92398e-05 -0.00015405 -0.000166098 -6.84952e-19 0.000351629 0.000690402 0.000656929 -1.0593e-10 -0.00108309 -0.00187671 -0.00157589 4.48506e-10 0.00202348 0.00309417 0.00229291 -7.85546e-11 -0.00229291 -0.00309417 -0.00202348 8.97012e-10 0.00157589 0.00187671 0.00108309 3.37023e-10 -0.000656928 -0.000690402 -0.000351629 1.65592e-11 0.000166098 0.00015405 6.92399e-05 3.49975e-11
-2.88634e-05 -6.62559e-05 -7.37054e-05 -3.13594e-19 0.000166098 0.000336475 0.000330325 -5.49556e-11 -0.000579738 -0.00103642 -0.000897916 2.63663e-10 0.00122731 0.00193628 0.00148041 -5.23286e-11 -0.00157589 -0.00219409 -0.00148041 6.771e-10 0.0012273 0.00150798 0.000897915 2.88271e-10 -0.000579737 -0.000628619 -0.000330325 1.60497e-11 0.000166098 0.00015894 7.37055e-05 3.84373e-11 -2.88634e-05
-2.67698e-05 -3.0725e-05 -1.34875e-19 7.37054e-05 0.00015405 0.000156034 -2.67832e-11 -0.00029151 -0.000537686 -0.00048062 1.45609e-10 0.000699297 0.00113828 0.000897916 -3.27464e-11 -0.00101747 -0.00146158 -0.00101747 4.80136e-10 0.000897915 0.00113828 0.000699297 2.31632e-10 -0.000480619 -0.000537686 -0.000291511 1.46134e-11 0.000156034 0.00015405 7.37055e-05 3.96574e-11 -3.0725e-05 -2.67698e-05
-1.20321e-05 -5.44944e-20 3.0725e-05 6.62559e-05 6.92398e-05 -1.22622e-11 -0.0001377 -0.000262047 -0.000241671 7.55408e-11 0.000374307 0.000628619 0.000511617 -1.92506e-11 -0.000617128 -0.000914635 -0.000656929 3.1984e-10 0.000617128 0.000807162 0.000511617 1.74845e-10 -0.000374307 -0.000432043 -0.000241671 1.24995e-11 0.0001377 0.000140264 6.92399e-05 3.84373e-11 -3.0725e-05 -2.76196e-05 -1.20321e-05
-2.06837e-20 1.20321e-05 2.67698e-05 2.88634e-05 -5.27393e-12 -6.11039e-05 -0.000119974 -0.000114157 3.68156e-11 0.000188213 0.000326123 0.000273849 -1.06312e-11 -0.000351629 -0.000537686 -0.000398448 2.00151e-10 0.000398448 0.000537686 0.000351629 1.23984e-10 -0.000273849 -0.000326123 -0.000188213 1.00437e-11 0.000114157 0.000119974 6.1104e-05 3.49975e-11 -2.88634e-05 -2.67698e-05 -1.20321e-05 7.33177e-12

