3.67962e-06 5.65487e-06 6.129e-06 3.44826e-06 -3.50306e-06 -1.41925e-05 -2.55559e-05 -3.20606e-05 -2.72803e-05 -6.91689e-06 2.77376e-05 6.76885e-05 9.73164e-05 9.94111e-05 6.29595e-05 -9.50659e-06 -9.90059e-05 -0.000174407 -0.000203566 -0.00016724 -6.95173e-05 6.08321e-05 0.000179832 0.000245244 0.000233697 0.000150252 2.60205e-05 -9.49392e-05 -0.00017335 -0.000189129 -0.000146658 -6.97032e-05 1.04945e-05 6.79892e-05 9.03815e-05 8.01228e-05 4.9886e-05 1.52814e-05 -1.15041e-05 -2.49081e-05 -2.57319e-05 -1.86249e-05 -9.04427e-06 -1.04751e-06 3.54879e-06 4.85353e-06 4.01888e-06
5.65487e-06 6.22552e-06 3.55772e-06 -3.67117e-06 -1.51079e-05 -2.76325e-05 -3.52117e-05 -3.04334e-05 -7.83787e-06 3.19258e-05 7.91359e-05 0.000115566 0.000119913 7.71396e-05 -1.18311e-05 -0.000125155 -0.000223944 -0.0002655 -0.000221558 -9.35458e-05 8.31476e-05 0.000249672 0.000345849 0.000334756 0.000218615 3.84559e-05 -0.000142521 -0.000264327 -0.000292929 -0.000230725 -0.000111385 1.70343e-05 0.000112095 0.00015136 0.000136294 8.61952e-05 2.68197e-05 -2.05083e-05 -4.51027e-05 -4.73283e-05 -3.47959e-05 -1.7163e-05 -2.01913e-06 6.9482e-06 9.65239e-06 8.11835e-06 4.85353e-06
6.129e-06 3.55772e-06 -3.72898e-06 -1.55875e-05 -2.89586e-05 -3.74826e-05 -3.29064e-05 -8.60822e-06 3.56158e-05 8.96727e-05 0.000133016 0.000140192 9.16055e-05 -1.42711e-05 -0.000153343 -0.000278702 -0.000335623 -0.000284485 -0.000122007 0.000110153 0.00033597 0.00047272 0.000464763 0.000308296 5.50855e-05 -0.000207366 -0.00039065 -0.000439739 -0.000351814 -0.000172517 2.67987e-05 0.000179128 0.000245682 0.00022471 0.00014435 4.56218e-05 -3.54351e-05 -7.91576e-05 -8.43718e-05 -6.30072e-05 -3.15676e-05 -3.77223e-06 1.31854e-05 1.86055e-05 1.5895e-05 9.65239e-06 3.54879e-06
3.44826e-06 -3.67117e-06 -1.55875e-05 -2.94147e-05 -3.86724e-05 -3.44856e-05 -9.1634e-06 3.85098e-05 9.84862e-05 0.00014839 0.000158858 0.000105437 -1.66846e-05 -0.0001821 -0.000336179 -0.000411214 -0.000354048 -0.000154231 0.000141439 0.000438188 0.000626252 0.000625406 0.000421391 7.64786e-05 -0.000292433 -0.00055958 -0.000639816 -0.000519948 -0.000258979 4.08632e-05 0.000277438 0.000386512 0.000359086 0.000234303 7.52177e-05 -5.93426e-05 -0.000134652 -0.000145781 -0.000110581 -5.62754e-05 -6.83062e-06 2.42516e-05 3.47596e-05 3.01633e-05 1.86055e-05 6.9482e-06 -1.04751e-06
-3.50306e-06 -1.51079e-05 -2.89586e-05 -3.86724e-05 -3.50287e-05 -9.45427e-06 4.0358e-05 0.000104838 0.000160448 0.000174472 0.000117624 -1.89061e-05 -0.000209595 -0.000393033 -0.000488329 -0.000427063 -0.000188968 0.000176024 0.000553921 0.000804124 0.000815684 0.000558253 0.000102913 -0.000399709 -0.000776901 -0.000902286 -0.000744791 -0.000376812 6.03919e-05 0.000416484 0.000589361 0.000556163 0.00036861 0.000120197 -9.63226e-05 -0.000222003 -0.000244138 -0.000188105 -9.72351e-05 -1.19881e-05 4.32331e-05 6.29415e-05 5.54789e-05 3.47596e-05 1.31854e-05 -2.01913e-06 -9.04427e-06
-1.41925e-05 -2.76325e-05 -3.74826e-05 -3.44856e-05 -9.45427e-06 4.09935e-05 0.000108166 0.000168148 0.000185724 0.000127182 -2.07643e-05 -0.000233821 -0.000445365 -0.000562063 -0.000499288 -0.000224405 0.000212325 0.000678679 0.00100075 0.00103112 0.000716811 0.000134224 -0.000529529 -0.00104543 -0.00123328 -0.00103404 -0.00053139 8.65074e-05 0.000605981 0.000871019 0.000834899 0.000562063 0.000186166 -0.000151537 -0.00035476 -0.000396275 -0.000310132 -0.000162838 -2.03925e-05 7.47002e-05 0.000110466 9.89018e-05 6.29415e-05 2.42516e-05 -3.77223e-06 -1.7163e-05 -1.86249e-05
-2.55559e-05 -3.52117e-05 -3.29064e-05 -9.1634e-06 4.0358e-05 0.000108166 0.000170796 0.00019162 0.000133285 -2.21035e-05 -0.00025282 -0.000489138 -0.000627026 -0.000565767 -0.000258288 0.000248233 0.000805951 0.00120713 0.00126336 0.000892086 0.000169675 -0.000679928 -0.0013635 -0.00163383 -0.00139145 -0.000726324 0.000120104 0.00085457 0.00124768 0.00121477 0.000830676 0.000279467 -0.000231066 -0.000549463 -0.000623428 -0.00049559 -0.000264312 -3.36215e-05 0.000125099 0.000187909 0.000170887 0.000110466 4.32331e-05 -6.83062e-06 -3.15676e-05 -3.47959e-05 -2.57319e-05
-3.20606e-05 -3.04334e-05 -8.60822e-06 3.85098e-05 0.000104838 0.000168148 0.00019162 0.000135384 -2.28051e-05 -0.000264954 -0.000520684 -0.000677977 -0.000621373 -0.000288141 0.000281285 0.000927644 0.00141128 0.00150027 0.00107606 0.00020789 -0.000846184 -0.00172363 -0.00209788 -0.0018148 -0.000962224 0.000161617 0.00116806 0.00173223 0.0017131 0.00118989 0.000406623 -0.000341493 -0.000824842 -0.000950614 -0.000767584 -0.000415822 -5.3727e-05 0.000203056 0.000309809 0.000286182 0.000187909 7.47002e-05 -1.19881e-05 -5.62754e-05 -6.30072e-05 -4.73283e-05 -2.49081e-05
-2.72803e-05 -7.83787e-06 3.56158e-05 9.84862e-05 0.000160448 0.000185724 0.000133285 -2.28051e-05 -0.000269126 -0.000537213 -0.000710514 -0.000661449 -0.000311555 0.000308931 0.00103486 0.00159919 0.0017268 0.00125804 0.000246876 -0.00102069 -0.00211183 -0.00261085 -0.00229412 -0.00123552 0.000210788 0.00154743 0.00233097 0.00234153 0.001652 0.00057343 -0.000489166 -0.00120014 -0.00140492 -0.00115228 -0.000634053 -8.3214e-05 0.000319452 0.000495073 0.000464519 0.000309809 0.000125099 -2.03925e-05 -9.72351e-05 -0.000110581 -8.43718e-05 -4.51027e-05 -1.15041e-05
-6.91689e-06 3.19258e-05 8.96727e-05 0.00014839 0.000174472 0.000127182 -2.21035e-05 -0.000264954 -0.000537213 -0.000721703 -0.000682445 -0.000326507 0.000328855 0.00111895 0.00175637 0.00192639 0.00142555 0.000284153 -0.00119331 -0.00250787 -0.00314929 -0.00281081 -0.00153763 0.000266462 0.00198694 0.00304016 0.00310203 0.002223 0.000783786 -0.00067914 -0.00169247 -0.00201245 -0.00167656 -0.000937069 -0.000124919 0.000487106 0.000766784 0.000730791 0.000495073 0.000203056 -3.36215e-05 -0.000162838 -0.000188105 -0.000145781 -7.91576e-05 -2.05083e-05 1.52814e-05
2.77376e-05 7.91359e-05 0.000133016 0.000158858 0.000117624 -2.07643e-05 -0.00025282 -0.000520684 -0.000710514 -0.000682445 -0.000331649 0.000339294 0.00117265 0.00186964 0.00208292 0.00156566 0.000316995 -0.0013522 -0.00288654 -0.00368189 -0.00333792 -0.00185473 0.000326475 0.00247278 0.00384312 0.00398308 0.00289934 0.00103835 -0.000913883 -0.00231333 -0.00279401 -0.00236433 -0.00134229 -0.000181756 0.000719896 0.00115108 0.00111432 0.000766784 0.000319452 -5.3727e-05 -0.000264312 -0.000310132 -0.000244138 -0.000134652 -3.54351e-05 2.68197e-05 4.9886e-05
6.76885e-05 0.000115566 0.000140192 0.000105437 -1.89061e-05 -0.000233821 -0.000489138 -0.000677977 -0.000661449 -0.000326507 0.000339294 0.00119112 0.00192899 0.00218288 0.00166664 0.000342753 -0.0014851 -0.00322016 -0.00417213 -0.00384192 -0.0021684 0.000387699 0.00298274 0.00470869 0.00495702 0.00366511 0.00133326 -0.00119193 -0.00306466 -0.00375975 -0.00323165 -0.00186358 -0.000256317 0.0010312 0.00167481 0.00164686 0.00115108 0.000487106 -8.3214e-05 -0.000415822 -0.00049559 -0.000396275 -0.000222003 -5.93426e-05 4.56218e-05 8.61952e-05 8.01228e-05
9.73164e-05 0.000119913 9.16055e-05 -1.66846e-05 -0.000209595 -0.000445365 -0.000627026 -0.000621373 -0.000311555 0.000328855 0.00117265 0.00192899 0.00221726 0.00171954 0.000359202 -0.00158088 -0.00348183 -0.00458219 -0.00428598 -0.00245712 0.000446239 0.00348718 0.0055917 0.00597931 0.00449059 0.00165928 -0.00150674 -0.0039351 -0.00490364 -0.00428124 -0.00250773 -0.000350344 0.00143169 0.00236186 0.00235902 0.00167481 0.000719896 -0.000124919 -0.000634053 -0.000767584 -0.000623428 -0.00035476 -9.63226e-05 7.52177e-05 0.00014435 0.000136294 9.03815e-05
9.94111e-05 7.71396e-05 -1.42711e-05 -0.0001821 -0.000393033 -0.000562063 -0.000565767 -0.000288141 0.000308931 0.00111895 0.00186964 0.00218288 0.00171954 0.000364859 -0.00163106 -0.00364892 -0.00487771 -0.00463424 -0.00269862 0.000497816 0.00395149 0.00643601 0.00699053 0.00533271 0.00200147 -0.00184609 -0.00489731 -0.00619878 -0.00549722 -0.00327069 -0.000464131 0.00192654 0.00322828 0.00327518 0.00236186 0.0010312 -0.000181756 -0.000937069 -0.00115228 -0.000950614 -0.000549463 -0.000151537 0.000120197 0.000234303 0.00022471 0.00015136 6.79892e-05
6.29595e-05 -1.18311e-05 -0.000153343 -0.000336179 -0.000488329 -0.000499288 -0.000258288 0.000281285 0.00103486 0.00175637 0.00208292 0.00166664 0.000359202 -0.00163106 -0.00370638 -0.00503255 -0.00485665 -0.00287267 0.000538267 0.00433987 0.00717989 0.0079213 0.00613791 0.00233995 -0.00219229 -0.00590728 -0.00759491 -0.00684141 -0.00413454 -0.000595955 0.00251269 0.00427678 0.00440723 0.00322828 0.00143169 -0.000256317 -0.00134229 -0.00167656 -0.00140492 -0.000824842 -0.000231066 0.000186166 0.00036861 0.000359086 0.000245682 0.000112095 1.04945e-05
-9.50659e-06 -0.000125155 -0.000278702 -0.000411214 -0.000427063 -0.000224405 0.000248233 0.000927644 0.00159919 0.00192639 0.00156566 0.000342753 -0.00158088 -0.00364892 -0.00503255 -0.00493313 -0.00296386 0.000564099 0.00461976 0.00776331 0.00869985 0.00684733 0.00265151 -0.00252331 -0.00690631 -0.00901917 -0.00825231 -0.00506575 -0.000741678 0.00317633 0.00549149 0.00574812 0.00427678 0.00192654 -0.000350344 -0.00186358 -0.00236433 -0.00201245 -0.00120014 -0.000341493 0.000279467 0.000562063 0.000556163 0.000386512 0.000179128 1.70343e-05 -6.97032e-05
-9.90059e-05 -0.000223944 -0.000335623 -0.000354048 -0.000188968 0.000212325 0.000805951 0.00141128 0.0017268 0.00142555 0.000316995 -0.0014851 -0.00348183 -0.00487771 -0.00485665 -0.00296386 0.000572982 0.00476641 0.00813588 0.00926094 0.00740373 0.00291212 -0.00281496 -0.00782588 -0.010381 -0.00964793 -0.00601572 -0.000894635 0.00389172 0.00683427 0.0072663 0.00549149 0.00251269 -0.000464131 -0.00250773 -0.00323165 -0.00279401 -0.00169247 -0.000489166 0.000406623 0.000830676 0.000834899 0.000589361 0.000277438 2.67987e-05 -0.000111385 -0.000146658
-0.000174407 -0.0002655 -0.000284485 -0.000154231 0.000176024 0.000678679 0.00120713 0.00150027 0.00125804 0.000284153 -0.0013522 -0.00322016 -0.00458219 -0.00463424 -0.00287267 0.000564099 0.00476641 0.008264 0.00955492 0.00775905 0.00309993 -0.0030437 -0.00859505 -0.0115808 -0.0109325 -0.00692405 -0.00104593 0.00462154 0.00824371 0.00890286 0.00683427 0.00317633 -0.000595955 -0.00327069 -0.00428124 -0.00375975 -0.00231333 -0.00067914 0.00057343 0.00118989 0.00121477 0.000871019 0.000416484 4.08632e-05 -0.000172517 -0.000230725 -0.000189129
-0.000203566 -0.000221558 -0.000122007 0.000141439 0.000553921 0.00100075 0.00126336 0.00107606 0.000246876 -0.00119331 -0.00288654 -0.00417213 -0.00428598 -0.00269862 0.000538267 0.00461976 0.00813588 0.00955492 0.00788123 0.00319834 -0.00318977 -0.00914938 -0.0125219 -0.012007 -0.00772434 -0.0011852 0.00531936 0.00963787 0.0105724 0.00824371 0.00389172 -0.000741678 -0.00413454 -0.00549722 -0.00490364 -0.00306466 -0.000913883 0.000783786 0.001652 0.0017131 0.00124768 0.000605981 6.03919e-05 -0.000258979 -0.000351814 -0.000292929 -0.00017335
-0.00016724 -9.35458e-05 0.000110153 0.000438188 0.000804124 0.00103112 0.000892086 0.00020789 -0.00102069 -0.00250787 -0.00368189 -0.00384192 -0.00245712 0.000497816 0.00433987 0.00776331 0.00926094 0.00775905 0.00319834 -0.00324 -0.00943981 -0.0131228 -0.0127814 -0.008352 -0.00130169 0.00593417 0.0109211 0.0121688 0.00963787 0.00462154 -0.000894635 -0.00506575 -0.00684141 -0.00619878 -0.0039351 -0.00119193 0.00103835 0.002223 0.00234153 0.00173223 0.00085457 8.65074e-05 -0.000376812 -0.000519948 -0.000439739 -0.000264327 -9.49392e-05
-6.95173e-05 8.31476e-05 0.00033597 0.000626252 0.000815684 0.000716811 0.000169675 -0.000846184 -0.00211183 -0.00314929 -0.00333792 -0.0021684 0.000446239 0.00395149 0.00717989 0.00869985 0.00740373 0.00309993 -0.00318977 -0.00943981 -0.0133295 -0.0131872 -0.00875283 -0.00138564 0.00641637 0.0119945 0.0135752 0.0109211 0.00531936 -0.00104593 -0.00601572 -0.00825231 -0.00759491 -0.00489731 -0.00150674 0.00133326 0.00289934 0.00310203 0.00233097 0.00116806 0.000120104 -0.00053139 -0.000744791 -0.000639816 -0.00039065 -0.000142521 2.60205e-05
6.08321e-05 0.000249672 0.00047272 0.000625406 0.000558253 0.000134224 -0.000679928 -0.00172363 -0.00261085 -0.00281081 -0.00185473 0.000387699 0.00348718 0.00643601 0.0079213 0.00684733 0.00291212 -0.0030437 -0.00914938 -0.0131228 -0.0131872 -0.00889066 -0.00142962 0.0067243 0.0127681 0.0146783 0.0119945 0.00593417 -0.0011852 -0.00692405 -0.00964793 -0.00901917 -0.00590728 -0.00184609 0.00165928 0.00366511 0.00398308 0.00304016 0.00154743 0.000161617 -0.000726324 -0.00103404 -0.000902286 -0.00055958 -0.000207366 3.84559e-05 0.000150252
0.000179832 0.000345849 0.000464763 0.000421391 0.000102913 -0.000529529 -0.0013635 -0.00209788 -0.00229412 -0.00153763 0.000326475 0.00298274 0.0055917 0.00699053 0.00613791 0.00265151 -0.00281496 -0.00859505 -0.0125219 -0.0127814 -0.00875283 -0.00142962 0.00683019 0.0131734 0.0153828 0.0127681 0.00641637 -0.00130169 -0.00772434 -0.0109325 -0.010381 -0.00690631 -0.00219229 0.00200147 0.00449059 0.00495702 0.00384312 0.00198694 0.000210788 -0.000962224 -0.00139145 -0.00123328 -0.000776901 -0.000292433 5.50855e-05 0.000218615 0.000233697
0.000245244 0.000334756 0.000308296 7.64786e-05 -0.000399709 -0.00104543 -0.00163383 -0.0018148 -0.00123552 0.000266462 0.00247278 0.00470869 0.00597931 0.00533271 0.00233995 -0.00252331 -0.00782588 -0.0115808 -0.012007 -0.008352 -0.00138564 0.0067243 0.0131734 0.015625 0.0131734 0.0067243 -0.00138564 -0.008352 -0.012007 -0.0115808 -0.00782588 -0.00252331 0.00233995 0.00533271 0.00597931 0.00470869 0.00247278 0.000266462 -0.00123552 -0.0018148 -0.00163383 -0.00104543 -0.000399709 7.64786e-05 0.000308296 0.000334756 0.000245244
0.000233697 0.000218615 5.50855e-05 -0.000292433 -0.000776901 -0.00123328 -0.00139145 -0.000962224 0.000210788 0.00198694 0.00384312 0.00495702 0.00449059 0.00200147 -0.00219229 -0.00690631 -0.010381 -0.0109325 -0.00772434 -0.00130169 0.00641637 0.0127681 0.0153828 0.0131734 0.00683019 -0.00142962 -0.00875283 -0.0127814 -0.0125219 -0.00859505 -0.00281496 0.00265151 0.00613791 0.00699053 0.0055917 0.00298274 0.000326475 -0.00153763 -0.00229412 -0.00209788 -0.0013635 -0.000529529 0.000102913 0.000421391 0.000464763 0.000345849 0.000179832
0.000150252 3.84559e-05 -0.000207366 -0.00055958 -0.000902286 -0.00103404 -0.000726324 0.000161617 0.00154743 0.00304016 0.00398308 0.00366511 0.00165928 -0.00184609 -0.00590728 -0.00901917 -0.00964793 -0.00692405 -0.0011852 0.00593417 0.0119945 0.0146783 0.0127681 0.0067243 -0.00142962 -0.00889066 -0.0131872 -0.0131228 -0.00914938 -0.0030437 0.00291212 0.00684733 0.0079213 0.00643601 0.00348718 0.000387699 -0.00185473 -0.00281081 -0.00261085 -0.00172363 -0.000679928 0.000134224 0.000558253 0.000625406 0.00047272 0.000249672 6.08321e-05
2.60205e-05 -0.000142521 -0.00039065 -0.000639816 -0.000744791 -0.00053139 0.000120104 0.00116806 0.00233097 0.00310203 0.00289934 0.00133326 -0.00150674 -0.00489731 -0.00759491 -0.00825231 -0.00601572 -0.00104593 0.00531936 0.0109211 0.0135752 0.0119945 0.00641637 -0.00138564 -0.00875283 -0.0131872 -0.0133295 -0.00943981 -0.00318977 0.00309993 0.00740373 0.00869985 0.00717989 0.00395149 0.000446239 -0.0021684 -0.00333792 -0.00314929 -0.00211183 -0.000846184 0.000169675 0.000716811 0.000815684 0.000626252 0.00033597 8.31476e-05 -6.95173e-05
-9.49392e-05 -0.000264327 -0.000439739 -0.000519948 -0.000376812 8.65074e-05 0.00085457 0.00173223 0.00234153 0.002223 0.00103835 -0.00119193 -0.0039351 -0.00619878 -0.00684141 -0.00506575 -0.000894635 0.00462154 0.00963787 0.0121688 0.0109211 0.00593417 -0.00130169 -0.008352 -0.0127814 -0.0131228 -0.00943981 -0.00324 0.00319834 0.00775905 0.00926094 0.00776331 0.00433987 0.000497816 -0.00245712 -0.00384192 -0.00368189 -0.00250787 -0.00102069 0.00020789 0.000892086 0.00103112 0.000804124 0.000438188 0.000110153 -9.35458e-05 -0.00016724
-0.00017335 -0.000292929 -0.000351814 -0.000258979 6.03919e-05 0.000605981 0.00124768 0.0017131 0.001652 0.000783786 -0.000913883 -0.00306466 -0.00490364 -0.00549722 -0.00413454 -0.000741678 0.00389172 0.00824371 0.0105724 0.00963787 0.00531936 -0.0011852 -0.00772434 -0.012007 -0.0125219 -0.00914938 -0.00318977 0.00319834 0.00788123 0.00955492 0.00813588 0.00461976 0.000538267 -0.00269862 -0.00428598 -0.00417213 -0.00288654 -0.00119331 0.000246876 0.00107606 0.00126336 0.00100075 0.000553921 0.000141439 -0.000122007 -0.000221558 -0.000203566
-0.000189129 -0.000230725 -0.000172517 4.08632e-05 0.000416484 0.000871019 0.00121477 0.00118989 0.00057343 -0.00067914 -0.00231333 -0.00375975 -0.00428124 -0.00327069 -0.000595955 0.00317633 0.00683427 0.00890286 0.00824371 0.00462154 -0.00104593 -0.00692405 -0.0109325 -0.0115808 -0.00859505 -0.0030437 0.00309993 0.00775905 0.00955492 0.008264 0.00476641 0.000564099 -0.00287267 -0.00463424 -0.00458219 -0.00322016 -0.0013522 0.000284153 0.00125804 0.00150027 0.00120713 0.000678679 0.000176024 -0.000154231 -0.000284485 -0.0002655 -0.000174407
-0.000146658 -0.000111385 2.67987e-05 0.000277438 0.000589361 0.000834899 0.000830676 0.000406623 -0.000489166 -0.00169247 -0.00279401 -0.00323165 -0.00250773 -0.000464131 0.00251269 0.00549149 0.0072663 0.00683427 0.00389172 -0.000894635 -0.00601572 -0.00964793 -0.010381 -0.00782588 -0.00281496 0.00291212 0.00740373 0.00926094 0.00813588 0.00476641 0.000572982 -0.00296386 -0.00485665 -0.00487771 -0.00348183 -0.0014851 0.000316995 0.00142555 0.0017268 0.00141128 0.000805951 0.000212325 -0.000188968 -0.000354048 -0.000335623 -0.000223944 -9.90059e-05
-6.97032e-05 1.70343e-05 0.000179128 0.000386512 0.000556163 0.000562063 0.000279467 -0.000341493 -0.00120014 -0.00201245 -0.00236433 -0.00186358 -0.000350344 0.00192654 0.00427678 0.00574812 0.00549149 0.00317633 -0.000741678 -0.00506575 -0.00825231 -0.00901917 -0.00690631 -0.00252331 0.00265151 0.00684733 0.00869985 0.00776331 0.00461976 0.000564099 -0.00296386 -0.00493313 -0.00503255 -0.00364892 -0.00158088 0.000342753 0.00156566 0.00192639 0.00159919 0.000927644 0.000248233 -0.000224405 -0.000427063 -0.000411214 -0.000278702 -0.000125155 -9.50659e-06
1.04945e-05 0.000112095 0.000245682 0.000359086 0.00036861 0.000186166 -0.000231066 -0.000824842 -0.00140492 -0.00167656 -0.00134229 -0.000256317 0.00143169 0.00322828 0.00440723 0.00427678 0.00251269 -0.000595955 -0.00413454 -0.00684141 -0.00759491 -0.00590728 -0.00219229 0.00233995 0.00613791 0.0079213 0.00717989 0.00433987 0.000538267 -0.00287267 -0.00485665 -0.00503255 -0.00370638 -0.00163106 0.000359202 0.00166664 0.00208292 0.00175637 0.00103486 0.000281285 -0.000258288 -0.000499288 -0.000488329 -0.000336179 -0.000153343 -1.18311e-05 6.29595e-05
6.79892e-05 0.00015136 0.00022471 0.000234303 0.000120197 -0.000151537 -0.000549463 -0.000950614 -0.00115228 -0.000937069 -0.000181756 0.0010312 0.00236186 0.00327518 0.00322828 0.00192654 -0.000464131 -0.00327069 -0.00549722 -0.00619878 -0.00489731 -0.00184609 0.00200147 0.00533271 0.00699053 0.00643601 0.00395149 0.000497816 -0.00269862 -0.00463424 -0.00487771 -0.00364892 -0.00163106 0.000364859 0.00171954 0.00218288 0.00186964 0.00111895 0.000308931 -0.000288141 -0.000565767 -0.000562063 -0.000393033 -0.0001821 -1.42711e-05 7.71396e-05 9.94111e-05
9.03815e-05 0.000136294 0.00014435 7.52177e-05 -9.63226e-05 -0.00035476 -0.000623428 -0.000767584 -0.000634053 -0.000124919 0.000719896 0.00167481 0.00235902 0.00236186 0.00143169 -0.000350344 -0.00250773 -0.00428124 -0.00490364 -0.0039351 -0.00150674 0.00165928 0.00449059 0.00597931 0.0055917 0.00348718 0.000446239 -0.00245712 -0.00428598 -0.00458219 -0.00348183 -0.00158088 0.000359202 0.00171954 0.00221726 0.00192899 0.00117265 0.000328855 -0.000311555 -0.000621373 -0.000627026 -0.000445365 -0.000209595 -1.66846e-05 9.16055e-05 0.000119913 9.73164e-05
8.01228e-05 8.61952e-05 4.56218e-05 -5.93426e-05 -0.000222003 -0.000396275 -0.00049559 -0.000415822 -8.3214e-05 0.000487106 0.00115108 0.00164686 0.00167481 0.0010312 -0.000256317 -0.00186358 -0.00323165 -0.00375975 -0.00306466 -0.00119193 0.00133326 0.00366511 0.00495702 0.00470869 0.00298274 0.000387699 -0.0021684 -0.00384192 -0.00417213 -0.00322016 -0.0014851 0.000342753 0.00166664 0.00218288 0.00192899 0.00119112 0.000339294 -0.000326507 -0.000661449 -0.000677977 -0.000489138 -0.000233821 -1.89061e-05 0.000105437 0.000140192 0.000115566 6.76885e-05
4.9886e-05 2.68197e-05 -3.54351e-05 -0.000134652 -0.000244138 -0.000310132 -0.000264312 -5.3727e-05 0.000319452 0.000766784 0.00111432 0.00115108 0.000719896 -0.000181756 -0.00134229 -0.00236433 -0.00279401 -0.00231333 -0.000913883 0.00103835 0.00289934 0.00398308 0.00384312 0.00247278 0.000326475 -0.00185473 -0.00333792 -0.00368189 -0.00288654 -0.0013522 0.000316995 0.00156566 0.00208292 0.00186964 0.00117265 0.000339294 -0.000331649 -0.000682445 -0.000710514 -0.000520684 -0.00025282 -2.07643e-05 0.000117624 0.000158858 0.000133016 7.91359e-05 2.77376e-05
1.52814e-05 -2.05083e-05 -7.91576e-05 -0.000145781 -0.000188105 -0.000162838 -3.36215e-05 0.000203056 0.000495073 0.000730791 0.000766784 0.000487106 -0.000124919 -0.000937069 -0.00167656 -0.00201245 -0.00169247 -0.00067914 0.000783786 0.002223 0.00310203 0.00304016 0.00198694 0.000266462 -0.00153763 -0.00281081 -0.00314929 -0.00250787 -0.00119331 0.000284153 0.00142555 0.00192639 0.00175637 0.00111895 0.000328855 -0.000326507 -0.000682445 -0.000721703 -0.000537213 -0.000264954 -2.21035e-05 0.000127182 0.000174472 0.00014839 8.96727e-05 3.19258e-05 -6.91689e-06
-1.15041e-05 -4.51027e-05 -8.43718e-05 -0.000110581 -9.72351e-05 -2.03925e-05 0.000125099 0.000309809 0.000464519 0.000495073 0.000319452 -8.3214e-05 -0.000634053 -0.00115228 -0.00140492 -0.00120014 -0.000489166 0.00057343 0.001652 0.00234153 0.00233097 0.00154743 0.000210788 -0.00123552 -0.00229412 -0.00261085 -0.00211183 -0.00102069 0.000246876 0.00125804 0.0017268 0.00159919 0.00103486 0.000308931 -0.000311555 -0.000661449 -0.000710514 -0.000537213 -0.000269126 -2.28051e-05 0.000133285 0.000185724 0.000160448 9.84862e-05 3.56158e-05 -7.83787e-06 -2.72803e-05
-2.49081e-05 -4.73283e-05 -6.30072e-05 -5.62754e-05 -1.19881e-05 7.47002e-05 0.000187909 0.000286182 0.000309809 0.000203056 -5.3727e-05 -0.000415822 -0.000767584 -0.000950614 -0.000824842 -0.000341493 0.000406623 0.00118989 0.0017131 0.00173223 0.00116806 0.000161617 -0.000962224 -0.0018148 -0.00209788 -0.00172363 -0.000846184 0.00020789 0.00107606 0.00150027 0.00141128 0.000927644 0.000281285 -0.000288141 -0.000621373 -0.000677977 -0.000520684 -0.000264954 -2.28051e-05 0.000135384 0.00019162 0.000168148 0.000104838 3.85098e-05 -8.60822e-06 -3.04334e-05 -3.20606e-05
-2.57319e-05 -3.47959e-05 -3.15676e-05 -6.83062e-06 4.32331e-05 0.000110466 0.000170887 0.000187909 0.000125099 -3.36215e-05 -0.000264312 -0.00049559 -0.000623428 -0.000549463 -0.000231066 0.000279467 0.000830676 0.00121477 0.00124768 0.00085457 0.000120104 -0.000726324 -0.00139145 -0.00163383 -0.0013635 -0.000679928 0.000169675 0.000892086 0.00126336 0.00120713 0.000805951 0.000248233 -0.000258288 -0.000565767 -0.000627026 -0.000489138 -0.00025282 -2.21035e-05 0.000133285 0.00019162 0.000170796 0.000108166 4.0358e-05 -9.1634e-06 -3.29064e-05 -3.52117e-05 -2.55559e-05
-1.86249e-05 -1.7163e-05 -3.77223e-06 2.42516e-05 6.29415e-05 9.89018e-05 0.000110466 7.47002e-05 -2.03925e-05 -0.000162838 -0.000310132 -0.000396275 -0.00035476 -0.000151537 0.000186166 0.000562063 0.000834899 0.000871019 0.000605981 8.65074e-05 -0.00053139 -0.00103404 -0.00123328 -0.00104543 -0.000529529 0.000134224 0.000716811 0.00103112 0.00100075 0.000678679 0.000212325 -0.000224405 -0.000499288 -0.000562063 -0.000445365 -0.000233821 -2.07643e-05 0.000127182 0.000185724 0.000168148 0.000108166 4.09935e-05 -9.45427e-06 -3.44856e-05 -3.74826e-05 -2.76325e-05 -1.41925e-05
-9.04427e-06 -2.01913e-06 1.31854e-05 3.47596e-05 5.54789e-05 6.29415e-05 4.32331e-05 -1.19881e-05 -9.72351e-05 -0.000188105 -0.000244138 -0.000222003 -9.63226e-05 0.000120197 0.00036861 0.000556163 0.000589361 0.000416484 6.03919e-05 -0.000376812 -0.000744791 -0.000902286 -0.000776901 -0.000399709 0.000102913 0.000558253 0.000815684 0.000804124 0.000553921 0.000176024 -0.000188968 -0.000427063 -0.000488329 -0.000393033 -0.000209595 -1.89061e-05 0.000117624 0.000174472 0.000160448 0.000104838 4.0358e-05 -9.45427e-06 -3.50287e-05 -3.86724e-05 -2.89586e-05 -1.51079e-05 -3.50306e-06
-1.04751e-06 6.9482e-06 1.86055e-05 3.01633e-05 3.47596e-05 2.42516e-05 -6.83062e-06 -5.62754e-05 -0.000110581 -0.000145781 -0.000134652 -5.93426e-05 7.52177e-05 0.000234303 0.000359086 0.000386512 0.000277438 4.08632e-05 -0.000258979 -0.000519948 -0.000639816 -0.00055958 -0.000292433 7.64786e-05 0.000421391 0.000625406 0.000626252 0.000438188 0.000141439 -0.000154231 -0.000354048 -0.000411214 -0.000336179 -0.0001821 -1.66846e-05 0.000105437 0.000158858 0.00014839 9.84862e-05 3.85098e-05 -9.1634e-06 -3.44856e-05 -3.86724e-05 -2.94147e-05 -1.55875e-05 -3.67117e-06 3.44826e-06
3.54879e-06 9.65239e-06 1.5895e-05 1.86055e-05 1.31854e-05 -3.77223e-06 -3.15676e-05 -6.30072e-05 -8.43718e-05 -7.91576e-05 -3.54351e-05 4.56218e-05 0.00014435 0.00022471 0.000245682 0.000179128 2.67987e-05 -0.000172517 -0.000351814 -0.000439739 -0.00039065 -0.000207366 5.50855e-05 0.000308296 0.000464763 0.00047272 0.00033597 0.000110153 -0.000122007 -0.000284485 -0.000335623 -0.000278702 -0.000153343 -1.42711e-05 9.16055e-05 0.000140192 0.000133016 8.96727e-05 3.56158e-05 -8.60822e-06 -3.29064e-05 -3.74826e-05 -2.89586e-05 -1.55875e-05 -3.72898e-06 3.55772e-06 6.129e-06
4.85353e-06 8.11835e-06 9.65239e-06 6.9482e-06 -2.01913e-06 -1.7163e-05 -3.47959e-05 -4.73283e-05 -4.51027e-05 -2.05083e-05 2.68197e-05 8.61952e-05 0.000136294 0.00015136 0.000112095 1.70343e-05 -0.000111385 -0.000230725 -0.000292929 -0.000264327 -0.000142521 3.84559e-05 0.000218615 0.000334756 0.000345849 0.000249672 8.31476e-05 -9.35458e-05 -0.000221558 -0.0002655 -0.000223944 -0.000125155 -1.18311e-05 7.71396e-05 0.000119913 0.000115566 7.91359e-05 3.19258e-05 -7.83787e-06 -3.04334e-05 -3.52117e-05 -2.76325e-05 -1.51079e-05 -3.67117e-06 3.55772e-06 6.22552e-06 5.65487e-06
4.01888e-06 4.85353e-06 3.54879e-06 -1.04751e-06 -9.04427e-06 -1.86249e-05 -2.57319e-05 -2.49081e-05 -1.15041e-05 1.52814e-05 4.9886e-05 8.01228e-05 9.03815e-05 6.79892e-05 1.04945e-05 -6.97032e-05 -0.000146658 -0.000189129 -0.00017335 -9.49392e-05 2.60205e-05 0.000150252 0.000233697 0.000245244 0.000179832 6.08321e-05 -6.95173e-05 -0.00016724 -0.000203566 -0.000174407 -9.90059e-05 -9.50659e-06 6.29595e-05 9.94111e-05 9.73164e-05 6.76885e-05 2.77376e-05 -6.91689e-06 -2.72803e-05 -3.20606e-05 -2.55559e-05 -1.41925e-05 -3.50306e-06 3.44826e-06 6.129e-06 5.65487e-06 3.67962e-06

