3.5653e-07 1.44903e-05 2.33933e-05 -1.29592e-05 -9.16327e-05 -9.48063e-05 9.34296e-05 0.000317709 0.00019922 -0.000303642 -0.000605108 -0.000200286 0.000502172 0.00063251 6.82587e-05 -0.000440752 -0.000361413 2.50663e-05 0.000209235 0.000111934 -2.50187e-05 -5.42391e-05 -1.84775e-05 7.02712e-06 7.71311e-06
1.44903e-05 2.49021e-05 -1.46847e-05 -0.00011053 -0.000121734 0.000127703 0.000462264 0.000308558 -0.000500621 -0.001062 -0.000374183 0.000998688 0.00133902 0.000153823 -0.00105731 -0.000922902 6.81373e-05 0.000605442 0.000344781 -8.2033e-05 -0.000189313 -6.86521e-05 2.77928e-05 3.24734e-05 7.02712e-06
2.33933e-05 -1.46847e-05 -0.000117659 -0.000137942 0.000154039 0.000593559 0.000421749 -0.000728399 -0.00164486 -0.000616924 0.00175275 0.00250163 0.000305914 -0.00223832 -0.00207979 0.000163453 0.00154605 0.000937212 -0.00023737 -0.000583126 -0.000225101 9.70064e-05 0.000120653 2.77928e-05 -1.84775e-05
-1.29592e-05 -0.00011053 -0.000137942 0.000163974 0.000672591 0.000508727 -0.000935283 -0.00224825 -0.000897619 0.00271471 0.00412448 0.000536897 -0.00418174 -0.00413616 0.00034603 0.00348408 0.00224825 -0.000606147 -0.0015851 -0.000651353 0.000298801 0.000395607 9.70064e-05 -6.86521e-05 -5.42391e-05
-9.16327e-05 -0.000121734 0.000154039 0.000672591 0.000541537 -0.00105981 -0.00271191 -0.00115257 0.00371057 0.00600109 0.000831562 -0.00689452 -0.00725918 0.000646468 0.00692892 0.00475955 -0.00136597 -0.00380246 -0.00166329 0.000812225 0.00114473 0.000298801 -0.000225101 -0.000189313 -2.50187e-05
-9.48063e-05 0.000127703 0.000593559 0.000508727 -0.00105981 -0.00288681 -0.00130603 0.00447581 0.00770555 0.00113661 -0.0100315 -0.0112432 0.00106585 0.0121606 0.00889202 -0.00271656 -0.0080498 -0.00374828 0.00194843 0.00292316 0.000812225 -0.000651353 -0.000583126 -8.2033e-05 0.000111934
9.34296e-05 0.000462264 0.000421749 -0.000935283 -0.00271191 -0.00130603 0.00476447 0.00873153 0.00137101 -0.0128807 -0.0153677 0.0015508 0.0188347 0.0146605 -0.00476771 -0.015039 -0.00745434 0.00412482 0.00658745 0.00194843 -0.00166329 -0.0015851 -0.00023737 0.000344781 0.000209235
0.000317709 0.000308558 -0.000728399 -0.00224825 -0.00115257 0.00447581 0.00873153 0.00145944 -0.0145957 -0.018537 0.00199126 0.025744 0.0213308 -0.00738438 -0.0247951 -0.0130828 0.00770617 0.0131007 0.00412482 -0.00374828 -0.00380246 -0.000606147 0.000937212 0.000605442 2.50663e-05
0.00019922 -0.000500621 -0.00164486 -0.000897619 0.00371057 0.00770555 0.00137101 -0.0145957 -0.0197325 0.0022564 0.0310532 0.0273893 -0.0100932 -0.0360767 -0.020263 0.0127053 0.0229925 0.00770617 -0.00745434 -0.0080498 -0.00136597 0.00224825 0.00154605 6.81373e-05 -0.000361413
-0.000303642 -0.001062 -0.000616924 0.00271471 0.00600109 0.00113661 -0.0128807 -0.018537 0.0022564 0.033056 0.0310362 -0.0121748 -0.0463234 -0.0276962 0.0184861 0.0356114 0.0127053 -0.0130828 -0.015039 -0.00271656 0.00475955 0.00348408 0.000163453 -0.000922902 -0.000440752
-0.000605108 -0.000374183 0.00175275 0.00412448 0.000831562 -0.0100315 -0.0153677 0.00199126 0.0310532 0.0310362 -0.01296 -0.0524913 -0.033408 0.0237367 0.048675 0.0184861 -0.020263 -0.0247951 -0.00476771 0.00889202 0.00692892 0.00034603 -0.00207979 -0.00105731 6.82587e-05
-0.000200286 0.000998688 0.00250163 0.000536897 -0.00689452 -0.0112432 0.0015508 0.025744 0.0273893 -0.0121748 -0.0524913 -0.0355626 0.0268972 0.0587133 0.0237367 -0.0276962 -0.0360767 -0.00738438 0.0146605 0.0121606 0.000646468 -0.00413616 -0.00223832 0.000153823 0.00063251
0.000502172 0.00133902 0.000305914 -0.00418174 -0.00725918 0.00106585 0.0188347 0.0213308 -0.0100932 -0.0463234 -0.033408 0.0268972 0.0625 0.0268972 -0.033408 -0.0463234 -0.0100932 0.0213308 0.0188347 0.00106585 -0.00725918 -0.00418174 0.000305914 0.00133902 0.000502172
0.00063251 0.000153823 -0.00223832 -0.00413616 0.000646468 0.0121606 0.0146605 -0.00738438 -0.0360767 -0.0276962 0.0237367 0.0587133 0.0268972 -0.0355626 -0.0524913 -0.0121748 0.0273893 0.025744 0.0015508 -0.0112432 -0.00689452 0.000536897 0.00250163 0.000998688 -0.000200286
6.82587e-05 -0.00105731 -0.00207979 0.00034603 0.00692892 0.00889202 -0.00476771 -0.0247951 -0.020263 0.0184861 0.048675 0.0237367 -0.033408 -0.0524913 -0.01296 0.0310362 0.0310532 0.00199126 -0.0153677 -0.0100315 0.000831562 0.00412448 0.00175275 -0.000374183 -0.000605108
-0.000440752 -0.000922902 0.000163453 0.00348408 0.00475955 -0.00271656 -0.015039 -0.0130828 0.0127053 0.0356114 0.0184861 -0.0276962 -0.0463234 -0.0121748 0.0310362 0.033056 0.0022564 -0.018537 -0.0128807 0.00113661 0.00600109 0.00271471 -0.000616924 -0.001062 -0.000303642
-0.000361413 6.81373e-05 0.00154605 0.00224825 -0.00136597 -0.0080498 -0.00745434 0.00770617 0.0229925 0.0127053 -0.020263 -0.0360767 -0.0100932 0.0273893 0.0310532 0.0022564 -0.0197325 -0.0145957 0.00137101 0.00770555 0.00371057 -0.000897619 -0.00164486 -0.000500621 0.00019922
2.50663e-05 0.000605442 0.000937212 -0.000606147 -0.00380246 -0.00374828 0.00412482 0.0131007 0.00770617 -0.0130828 -0.0247951 -0.00738438 0.0213308 0.025744 0.00199126 -0.018537 -0.0145957 0.00145944 0.00873153 0.00447581 -0.00115257 -0.00224825 -0.000728399 0.000308558 0.000317709
0.000209235 0.000344781 -0.00023737 -0.0015851 -0.00166329 0.00194843 0.00658745 0.00412482 -0.00745434 -0.015039 -0.00476771 0.0146605 0.0188347 0.0015508 -0.0153677 -0.0128807 0.00137101 0.00873153 0.00476447 -0.00130603 -0.00271191 -0.000935283 0.000421749 0.000462264 9.34296e-05
0.000111934 -8.2033e-05 -0.000583126 -0.000651353 0.000812225 0.00292316 0.00194843 -0.00374828 -0.0080498 -0.00271656 0.00889202 0.0121606 0.00106585 -0.0112432 -0.0100315 0.00113661 0.00770555 0.00447581 -0.00130603 -0.00288681 -0.00105981 0.000508727 0.000593559 0.000127703 -9.48063e-05
-2.50187e-05 -0.000189313 -0.000225101 0.000298801 0.00114473 0.000812225 -0.00166329 -0.00380246 -0.00136597 0.00475955 0.00692892 0.000646468 -0.00725918 -0.00689452 0.000831562 0.00600109 0.00371057 -0.00115257 -0.00271191 -0.00105981 0.000541537 0.000672591 0.000154039 -0.000121734 -9.16327e-05
-5.42391e-05 -6.86521e-05 9.70064e-05 0.000395607 0.000298801 -0.000651353 -0.0015851 -0.000606147 0.00224825 0.00348408 0.00034603 -0.00413616 -0.00418174 0.000536897 0.00412448 0.00271471 -0.000897619 -0.00224825 -0.000935283 0.000508727 0.000672591 0.000163974 -0.000137942 -0.00011053 -1.29592e-05
-1.84775e-05 2.77928e-05 0.000120653 9.70064e-05 -0.000225101 -0.000583126 -0.00023737 0.000937212 0.00154605 0.000163453 -0.00207979 -0.00223832 0.000305914 0.00250163 0.00175275 -0.000616924 -0.00164486 -0.000728399 0.000421749 0.000593559 0.000154039 -0.000137942 -0.000117659 -1.46847e-05 2.33933e-05
7.02712e-06 3.24734e-05 2.77928e-05 -6.86521e-05 -0.000189313 -8.2033e-05 0.000344781 0.000605442 6.81373e-05 -0.000922902 -0.00105731 0.000153823 0.00133902 0.000998688 -0.000374183 -0.001062 -0.000500621 0.000308558 0.000462264 0.000127703 -0.000121734 -0.00011053 -1.46847e-05 2.49021e-05 1.44903e-05
7.71311e-06 7.02712e-06 -1.84775e-05 -5.42391e-05 -2.50187e-05 0.000111934 0.000209235 2.50663e-05 -0.000361413 -0.000440752 6.82587e-05 0.00063251 0.000502172 -0.000200286 -0.000605108 -0.000303642 0.00019922 0.000317709 9.34296e-05 -9.48063e-05 -9.16327e-05 -1.29592e-05 2.33933e-05 1.44903e-05 3.5653e-07

