1.57723e-06 1.87836e-06 1.83877e-06 1.26289e-06 -1.92757e-13 -1.9868e-06 -4.55099e-06 -7.31389e-06 -9.66168e-06 -1.08092e-05 -9.94027e-06 -6.41348e-06 1.83368e-13 8.90424e-06 1.91604e-05 2.8927e-05 3.58975e-05 3.77279e-05 3.25929e-05 1.97549e-05 7.82421e-12 -2.42042e-05 -4.89277e-05 -6.93923e-05 -8.08963e-05 -7.987e-05 -6.48187e-05 -3.69071e-05 -2.94724e-11 3.9906e-05 7.57808e-05 0.000100965 0.000110572 0.000102555 7.81863e-05 4.18211e-05 -4.12069e-12 -3.9906e-05 -7.11894e-05 -8.91014e-05 -9.16675e-05 -7.987e-05 -5.72024e-05 -2.87432e-05 -4.11521e-11 2.42042e-05 4.05625e-05 4.76926e-05 4.60933e-05 3.77279e-05 2.53834e-05 1.1982e-05 -1.87004e-11 -8.90423e-06 -1.4018e-05 -1.54835e-05 -1.40577e-05 -1.08092e-05 -6.83184e-06 -3.02951e-06 3.66528e-13 1.9868e-06 2.93834e-06 3.04888e-06 2.60041e-06 1.87836e-06 1.11527e-06
1.87836e-06 2.6208e-06 3.0969e-06 3.00802e-06 2.04987e-06 -3.10441e-13 -3.1749e-06 -7.21586e-06 -1.15064e-05 -1.50817e-05 -1.67417e-05 -1.5276e-05 -9.77939e-06 2.77428e-13 1.33668e-05 2.85393e-05 4.27513e-05 5.26402e-05 5.48938e-05 4.70533e-05 2.82976e-05 1.11204e-11 -3.41334e-05 -6.84622e-05 -9.63416e-05 -0.000111439 -0.000109169 -8.79072e-05 -4.96639e-05 -3.93508e-11 5.28669e-05 9.96119e-05 0.000131683 0.000143091 0.000131683 9.96119e-05 5.28669e-05 -5.1685e-12 -4.96638e-05 -8.79072e-05 -0.000109169 -0.000111439 -9.63416e-05 -6.84623e-05 -3.41334e-05 -4.84891e-11 2.82976e-05 4.70533e-05 5.48938e-05 5.26402e-05 4.27513e-05 2.85393e-05 1.33669e-05 -2.06995e-11 -9.77939e-06 -1.5276e-05 -1.67417e-05 -1.50817e-05 -1.15064e-05 -7.21586e-06 -3.1749e-06 3.81129e-13 2.04987e-06 3.00802e-06 3.0969e-06 2.6208e-06 1.87836e-06
1.83877e-06 3.0969e-06 4.28735e-06 5.02676e-06 4.8445e-06 3.27568e-06 -4.92222e-13 -4.99482e-06 -1.12638e-05 -1.78214e-05 -2.31772e-05 -2.5528e-05 -2.31118e-05 -1.46806e-05 4.13227e-13 1.97549e-05 4.18501e-05 6.22028e-05 7.5995e-05 7.86317e-05 6.68763e-05 3.9906e-05 1.55603e-11 -4.73895e-05 -9.43106e-05 -0.000131683 -0.000151134 -0.000146903 -0.000117371 -6.5794e-05 -5.17257e-11 6.89514e-05 0.000128907 0.000169085 0.000182303 0.000166463 0.000124941 6.57939e-05 -6.38224e-12 -6.08494e-05 -0.000106868 -0.000131683 -0.000133375 -0.000114409 -8.06683e-05 -3.9906e-05 -5.62483e-11 3.25704e-05 5.37366e-05 6.22029e-05 5.9185e-05 4.76926e-05 3.15901e-05 1.46806e-05 -2.2557e-11 -1.0574e-05 -1.63887e-05 -1.78214e-05 -1.59294e-05 -1.20586e-05 -7.50331e-06 -3.27568e-06 3.90167e-13 2.08215e-06 3.03161e-06 3.0969e-06 2.60041e-06
1.26289e-06 3.00802e-06 5.02676e-06 6.90489e-06 8.03274e-06 7.68125e-06 5.15337e-06 -7.68348e-13 -7.73613e-06 -1.731e-05 -2.71744e-05 -3.50659e-05 -3.83221e-05 -3.4425e-05 -2.16965e-05 6.05957e-13 2.87432e-05 6.04177e-05 8.91014e-05 0.000108011 0.000110889 9.35767e-05 5.5404e-05 2.14352e-11 -6.47738e-05 -0.000127904 -0.000177199 -0.000201791 -0.000194615 -0.000154282 -8.58115e-05 -6.6938e-11 8.85353e-05 0.000164232 0.000213743 0.000228659 0.000207167 0.000154282 8.06124e-05 -7.75883e-12 -7.33984e-05 -0.000127904 -0.000156378 -0.000157155 -0.000133757 -9.35768e-05 -4.59315e-05 -6.42376e-11 3.69071e-05 6.04177e-05 6.93923e-05 6.55118e-05 5.238e-05 3.44249e-05 1.58735e-05 -2.42001e-11 -1.1256e-05 -1.73099e-05 -1.86767e-05 -1.6564e-05 -1.24413e-05 -7.68125e-06 -3.32726e-06 3.93228e-13 2.08215e-06 3.00802e-06 3.04888e-06
-1.92757e-13 2.04987e-06 4.8445e-06 8.03274e-06 1.09481e-05 1.26373e-05 1.19903e-05 7.9817e-06 -1.18078e-12 -1.17962e-05 -2.61891e-05 -4.07936e-05 -5.22306e-05 -5.66363e-05 -5.04809e-05 -3.15683e-05 8.74802e-13 4.11728e-05 8.58708e-05 0.000125653 0.000151134 0.000153953 0.000128907 7.57283e-05 2.90705e-11 -8.71626e-05 -0.000170774 -0.000234751 -0.000265249 -0.000253826 -0.000199656 -0.000110184 -8.52812e-11 0.000111919 0.000205993 0.000266008 0.000282356 0.000253826 0.000187559 9.72371e-05 -9.28611e-12 -8.71628e-05 -0.000150708 -0.000182824 -0.000182303 -0.000153953 -0.000106868 -5.20472e-05 -7.22243e-11 4.11728e-05 6.68763e-05 7.62125e-05 7.13907e-05 5.66363e-05 3.69326e-05 1.68973e-05 -2.55605e-11 -1.17962e-05 -1.79995e-05 -1.92695e-05 -1.69568e-05 -1.26373e-05 -7.74149e-06 -3.32726e-06 3.90167e-13 2.04987e-06 2.93834e-06
-1.9868e-06 -3.10441e-13 3.27568e-06 7.68125e-06 1.26373e-05 1.70898e-05 1.9573e-05 1.84263e-05 1.21706e-05 -1.78646e-12 -1.77082e-05 -3.90086e-05 -6.0289e-05 -7.65911e-05 -8.24054e-05 -7.28776e-05 -4.52194e-05 1.24334e-12 5.80629e-05 0.000120155 0.000174452 0.000208196 0.000210429 0.000174824 0.000101904 3.88141e-11 -0.000115472 -0.000224479 -0.000306173 -0.000343257 -0.000325919 -0.000254368 -0.000139286 -1.06967e-10 0.000139286 0.000254368 0.00032592 0.000343257 0.000306173 0.000224479 0.000115472 -1.09417e-11 -0.000101904 -0.000174824 -0.000210429 -0.000208196 -0.000174452 -0.000120155 -5.80629e-05 -7.9945e-11 4.52195e-05 7.28776e-05 8.24054e-05 7.65911e-05 6.02891e-05 3.90086e-05 1.77082e-05 -2.65787e-11 -1.21706e-05 -1.84263e-05 -1.9573e-05 -1.70898e-05 -1.26373e-05 -7.68125e-06 -3.27568e-06 3.81129e-13 1.9868e-06
-4.55099e-06 -3.1749e-06 -4.92222e-13 5.15337e-06 1.19903e-05 1.9573e-05 2.62632e-05 2.98452e-05 2.78782e-05 1.82703e-05 -2.66093e-12 -2.6171e-05 -5.72023e-05 -8.772e-05 -0.000110572 -0.00011804 -0.00010358 -6.37696e-05 1.73975e-12 8.06124e-05 0.00016552 0.000238448 0.000282356 0.000283164 0.000233421 0.000135 5.10202e-11 -0.000150604 -0.000290497 -0.000393134 -0.000437321 -0.000412001 -0.000319049 -0.000173344 -1.32086e-10 0.000170656 0.000309233 0.000393134 0.000410825 0.00036359 0.000264501 0.000135 -1.26926e-11 -0.00011729 -0.000199656 -0.000238448 -0.000234081 -0.000194615 -0.000132999 -6.37696e-05 -8.71191e-11 4.88939e-05 7.81863e-05 8.77201e-05 8.08963e-05 6.31824e-05 4.05625e-05 1.82703e-05 -2.7209e-11 -1.23623e-05 -1.85709e-05 -1.9573e-05 -1.69568e-05 -1.24413e-05 -7.50331e-06 -3.1749e-06 3.66528e-13
-7.31389e-06 -7.21586e-06 -4.99482e-06 -7.68348e-13 7.9817e-06 1.84263e-05 2.98452e-05 3.97349e-05 4.4803e-05 4.15244e-05 2.70018e-05 -3.90199e-12 -3.80786e-05 -8.25812e-05 -0.000125653 -0.000157155 -0.000166463 -0.000144934 -8.85354e-05 2.39661e-12 0.000110184 0.000224479 0.000320867 0.000376994 0.000375131 0.000306826 0.000176073 6.60251e-11 -0.000193379 -0.000370103 -0.000496968 -0.000548524 -0.000512743 -0.000393973 -0.000212385 -1.60576e-10 0.000205851 0.000370103 0.000466858 0.00048407 0.000425079 0.000306826 0.000155384 -1.44954e-11 -0.000132907 -0.000224479 -0.000266008 -0.000259104 -0.000213743 -0.000144935 -6.89514e-05 -9.34651e-11 5.20473e-05 8.25812e-05 9.19299e-05 8.41188e-05 6.5188e-05 4.15244e-05 1.8558e-05 -2.74224e-11 -1.23623e-05 -1.84263e-05 -1.92695e-05 -1.6564e-05 -1.20586e-05 -7.21586e-06 -3.02951e-06
-9.66168e-06 -1.15064e-05 -1.12638e-05 -7.73613e-06 -1.18078e-12 1.21706e-05 2.78782e-05 4.4803e-05 5.9185e-05 6.62146e-05 6.08915e-05 3.92873e-05 -5.63318e-12 -5.4545e-05 -0.000117372 -0.000177199 -0.000219899 -0.000231112 -0.000199656 -0.000121014 3.25028e-12 0.000148269 0.000299719 0.000425079 0.00049555 0.000489263 0.000397063 0.000226083 8.41181e-11 -0.000244454 -0.000464213 -0.000618487 -0.000677336 -0.000628226 -0.000478949 -0.000256186 -1.92184e-10 0.000244454 0.000436088 0.000545812 0.000561531 0.000489263 0.000350407 0.000176074 -1.62976e-11 -0.000148269 -0.000248476 -0.000292152 -0.000282356 -0.000231112 -0.000155492 -7.33983e-05 -9.87189e-11 5.45451e-05 8.58708e-05 9.4848e-05 8.61136e-05 6.62146e-05 4.18501e-05 1.8558e-05 -2.7209e-11 -1.21706e-05 -1.79995e-05 -1.86767e-05 -1.59294e-05 -1.15064e-05 -6.83184e-06
-1.08092e-05 -1.50817e-05 -1.78214e-05 -1.731e-05 -1.17962e-05 -1.78646e-12 1.82703e-05 4.15244e-05 6.62146e-05 8.6789e-05 9.63416e-05 8.79072e-05 5.62765e-05 -8.00637e-12 -7.69208e-05 -0.000164232 -0.000246017 -0.000302923 -0.000315892 -0.000270773 -0.000162841 4.3397e-12 0.000196424 0.000393973 0.000554408 0.000641289 0.000628226 0.000505871 0.000285795 1.05508e-10 -0.000304227 -0.000573227 -0.000757786 -0.000823431 -0.000757786 -0.000573227 -0.000304228 -2.26448e-10 0.000285796 0.000505871 0.000628226 0.000641289 0.000554408 0.000393973 0.000196424 -1.80398e-11 -0.000162842 -0.000270773 -0.000315892 -0.000302923 -0.000246017 -0.000164232 -7.69208e-05 -1.02651e-10 5.62766e-05 8.79072e-05 9.63417e-05 8.6789e-05 6.62146e-05 4.15244e-05 1.82703e-05 -2.65787e-11 -1.17962e-05 -1.73099e-05 -1.78214e-05 -1.50817e-05 -1.08092e-05
-9.94027e-06 -1.67417e-05 -2.31772e-05 -2.71744e-05 -2.61891e-05 -1.77082e-05 -2.66093e-12 2.70018e-05 6.08915e-05 9.63416e-05 0.000125295 0.000138003 0.000124941 7.93626e-05 -1.12029e-11 -0.000106794 -0.000226239 -0.000336265 -0.000410825 -0.000425079 -0.00036153 -0.00021573 5.70442e-12 0.000256186 0.000509839 0.000711874 0.000817023 0.000794152 0.000634504 0.000355678 1.30285e-10 -0.000372747 -0.000696867 -0.000914064 -0.000985518 -0.000899893 -0.000675426 -0.000355679 -2.62685e-10 0.000328949 0.000577723 0.000711874 0.000721021 0.000618487 0.000436088 0.00021573 -1.96587e-11 -0.000176074 -0.000290497 -0.000336265 -0.000319951 -0.000257824 -0.000170775 -7.93625e-05 -1.05086e-10 5.71628e-05 8.85966e-05 9.63417e-05 8.61136e-05 6.5188e-05 4.05625e-05 1.77082e-05 -2.55605e-11 -1.1256e-05 -1.63887e-05 -1.67417e-05 -1.40577e-05
-6.41348e-06 -1.5276e-05 -2.5528e-05 -3.50659e-05 -4.07936e-05 -3.90086e-05 -2.6171e-05 -3.90199e-12 3.92873e-05 8.79072e-05 0.000138003 0.00017808 0.000194615 0.000174824 0.000110184 -1.54327e-11 -0.00014597 -0.000306826 -0.000452494 -0.000548524 -0.000563138 -0.000475222 -0.000281365 7.38207e-12 0.000328949 0.000649551 0.000899893 0.00102478 0.000988339 0.000783508 0.000435786 1.58386e-10 -0.000449619 -0.00083404 -0.00108548 -0.00116122 -0.00105208 -0.000783508 -0.000409384 -2.99995e-10 0.000372748 0.000649551 0.000794153 0.000798097 0.000679275 0.000475222 0.00023326 -2.10907e-11 -0.000187429 -0.000306826 -0.000352403 -0.000332696 -0.000266008 -0.000174824 -8.06123e-05 -1.0591e-10 5.71628e-05 8.79072e-05 9.4848e-05 8.41188e-05 6.31824e-05 3.90086e-05 1.68973e-05 -2.42001e-11 -1.0574e-05 -1.5276e-05 -1.54835e-05
1.83368e-13 -9.77939e-06 -2.31118e-05 -3.83221e-05 -5.22306e-05 -6.0289e-05 -5.72023e-05 -3.80786e-05 -5.63318e-12 5.62765e-05 0.000124941 0.000194615 0.000249178 0.000270197 0.000240831 0.000150604 -2.09298e-11 -0.000196424 -0.000409667 -0.000599458 -0.000721021 -0.000734471 -0.000614983 -0.00036128 9.40501e-12 0.00041583 0.00081472 0.00111993 0.00126543 0.00121094 0.000952504 0.000525658 1.89563e-10 -0.000533936 -0.000982739 -0.00126905 -0.00134704 -0.00121094 -0.000894794 -0.000463893 -3.37294e-10 0.00041583 0.000718988 0.000872206 0.000869717 0.000734471 0.000509839 0.000248304 -2.22762e-11 -0.000196424 -0.000319049 -0.000363589 -0.000340586 -0.000270197 -0.000176196 -8.06123e-05 -1.05086e-10 5.62766e-05 8.58708e-05 9.19299e-05 8.08963e-05 6.02891e-05 3.69326e-05 1.58735e-05 -2.2557e-11 -9.77939e-06 -1.4018e-05
8.90424e-06 2.77428e-13 -1.46806e-05 -3.4425e-05 -5.66363e-05 -7.65911e-05 -8.772e-05 -8.25812e-05 -5.4545e-05 -8.00637e-12 7.93626e-05 0.000174824 0.000270197 0.000343257 0.000369315 0.000326615 0.000202659 -2.7945e-11 -0.00026022 -0.000538497 -0.00078184 -0.00093307 -0.000943079 -0.000783508 -0.0004567 1.17965e-11 0.000517509 0.00100604 0.00137217 0.00153837 0.00146067 0.00114 0.000624235 2.2336e-10 -0.000624234 -0.00114 -0.00146067 -0.00153837 -0.00137217 -0.00100604 -0.00051751 -3.7335e-10 0.0004567 0.000783508 0.00094308 0.00093307 0.00078184 0.000538497 0.00026022 -2.31636e-11 -0.00020266 -0.000326615 -0.000369315 -0.000343257 -0.000270197 -0.000174824 -7.93625e-05 -1.02651e-10 5.45451e-05 8.25812e-05 8.77201e-05 7.65911e-05 5.66363e-05 3.44249e-05 1.46806e-05 -2.06995e-11 -8.90423e-06
1.91604e-05 1.33668e-05 4.13227e-13 -2.16965e-05 -5.04809e-05 -8.24054e-05 -0.000110572 -0.000125653 -0.000117372 -7.69208e-05 -1.12029e-11 0.000110184 0.000240831 0.000369315 0.000465526 0.000496968 0.000436088 0.00026848 -3.6733e-11 -0.000339391 -0.000696867 -0.0010039 -0.00118876 -0.00119216 -0.00098274 -0.000568373 1.45668e-11 0.000634066 0.00122304 0.00165516 0.00184119 0.00173459 0.00134325 0.000729804 2.59102e-10 -0.000718489 -0.00130192 -0.00165516 -0.00172964 -0.00153077 -0.00111359 -0.000568373 -4.06854e-10 0.00049381 0.000840582 0.0010039 0.000985518 0.000819362 0.000559948 0.00026848 -2.37129e-11 -0.000205851 -0.000329177 -0.000369315 -0.000340586 -0.000266008 -0.000170775 -7.69208e-05 -9.87189e-11 5.20473e-05 7.81863e-05 8.24054e-05 7.13907e-05 5.238e-05 3.15901e-05 1.33669e-05 -1.87004e-11
2.8927e-05 2.85393e-05 1.97549e-05 6.05957e-13 -3.15683e-05 -7.28776e-05 -0.00011804 -0.000157155 -0.000177199 -0.000164232 -0.000106794 -1.54327e-11 0.000150604 0.000326615 0.000496968 0.000621559 0.000658376 0.000573227 0.000350164 -4.7536e-11 -0.000435786 -0.000887831 -0.00126905 -0.00149104 -0.00148367 -0.00121352 -0.000696385 1.77087e-11 0.000764829 0.00146379 0.00196555 0.00216945 0.00202794 0.00155819 0.00084 2.95904e-10 -0.000814155 -0.00146379 -0.00184646 -0.00191454 -0.00168122 -0.00121352 -0.000614558 -4.36491e-10 0.000525658 0.000887831 0.00105208 0.00102478 0.000845371 0.000573227 0.000272708 -2.38989e-11 -0.000205851 -0.000326615 -0.000363589 -0.000332696 -0.000257824 -0.000164232 -7.33983e-05 -9.34651e-11 4.88939e-05 7.28776e-05 7.62125e-05 6.55118e-05 4.76926e-05 2.85393e-05 1.1982e-05
3.58975e-05 4.27513e-05 4.18501e-05 2.87432e-05 8.74802e-13 -4.52194e-05 -0.00010358 -0.000166463 -0.000219899 -0.000246017 -0.000226239 -0.00014597 -2.09298e-11 0.000202659 0.000436088 0.000658376 0.000817023 0.000858684 0.000741811 0.00044962 -6.05624e-11 -0.000550885 -0.00111359 -0.00157936 -0.00184119 -0.00181783 -0.00147527 -0.00084 2.11945e-11 0.000908257 0.00172476 0.00229796 0.00251661 0.00233414 0.00177951 0.000951844 3.32694e-10 -0.000908256 -0.00162026 -0.00202794 -0.00208634 -0.00181783 -0.00130192 -0.000654193 -4.61026e-10 0.000550885 0.000923198 0.00108548 0.00104908 0.000858684 0.000577723 0.000272708 -2.37129e-11 -0.00020266 -0.000319049 -0.000352403 -0.000319951 -0.000246017 -0.000155492 -6.89514e-05 -8.71191e-11 4.52195e-05 6.68763e-05 6.93923e-05 5.9185e-05 4.27513e-05 2.53834e-05
3.77279e-05 5.26402e-05 6.22028e-05 6.04177e-05 4.11728e-05 1.24334e-12 -6.37696e-05 -0.000144934 -0.000231112 -0.000302923 -0.000336265 -0.000306826 -0.000196424 -2.7945e-11 0.00026848 0.000573227 0.000858684 0.00105731 0.00110257 0.000945091 0.000568372 -7.59623e-11 -0.000685588 -0.0013751 -0.00193507 -0.00223832 -0.00219273 -0.00176566 -0.000997525 2.49732e-11 0.00106186 0.00200076 0.00264493 0.00287406 0.00264493 0.00200076 0.00106186 3.68258e-10 -0.000997524 -0.00176566 -0.00219273 -0.00223832 -0.00193507 -0.0013751 -0.000685589 -4.79391e-10 0.000568372 0.000945092 0.00110257 0.00105731 0.000858684 0.000573227 0.00026848 -2.31636e-11 -0.000196424 -0.000306826 -0.000336265 -0.000302923 -0.000231112 -0.000144935 -6.37696e-05 -7.9945e-11 4.11728e-05 6.04177e-05 6.22029e-05 5.26402e-05 3.77279e-05
3.25929e-05 5.48938e-05 7.5995e-05 8.91014e-05 8.58708e-05 5.80629e-05 1.73975e-12 -8.85354e-05 -0.000199656 -0.000315892 -0.000410825 -0.000452494 -0.000409667 -0.00026022 -3.6733e-11 0.000350164 0.000741811 0.00110257 0.00134704 0.00139378 0.00118541 0.000707351 -9.38009e-11 -0.00084 -0.0016717 -0.00233414 -0.00267892 -0.00260393 -0.00208046 -0.00116622 2.89695e-11 0.00122219 0.00228494 0.0029971 0.00323139 0.00295063 0.00221464 0.00116622 4.01305e-10 -0.00107858 -0.00189428 -0.00233414 -0.00236414 -0.00202794 -0.00142988 -0.000707352 -4.90759e-10 0.000577323 0.000952504 0.00110257 0.00104908 0.000845371 0.000559948 0.00026022 -2.22762e-11 -0.000187429 -0.000290497 -0.000315892 -0.000282356 -0.000213743 -0.000132999 -5.80629e-05 -7.22243e-11 3.69071e-05 5.37366e-05 5.48938e-05 4.60933e-05
1.97549e-05 4.70533e-05 7.86317e-05 0.000108011 0.000125653 0.000120155 8.06124e-05 2.39661e-12 -0.000121014 -0.000270773 -0.000425079 -0.000548524 -0.000599458 -0.000538497 -0.000339391 -4.7536e-11 0.00044962 0.000945091 0.00139378 0.00168957 0.00173459 0.00146379 0.000866664 -1.14033e-10 -0.00101323 -0.00200076 -0.00277186 -0.00315654 -0.0030443 -0.00241338 -0.00134232 3.30842e-11 0.00138493 0.00256902 0.00334351 0.00357682 0.00324064 0.00241338 0.00126099 4.30538e-10 -0.00114814 -0.00200076 -0.00244616 -0.00245831 -0.00209231 -0.00146379 -0.000718491 -4.94609e-10 0.000577323 0.000945092 0.00108548 0.00102478 0.000819362 0.000538497 0.000248304 -2.10907e-11 -0.000176074 -0.000270773 -0.000292152 -0.000259104 -0.000194615 -0.000120155 -5.20472e-05 -6.42376e-11 3.25704e-05 4.70533e-05 4.76926e-05
7.82421e-12 2.82976e-05 6.68763e-05 0.000110889 0.000151134 0.000174452 0.00016552 0.000110184 3.25028e-12 -0.000162841 -0.00036153 -0.000563138 -0.000721021 -0.00078184 -0.000696867 -0.000435786 -6.05624e-11 0.000568372 0.00118541 0.00173459 0.00208634 0.00212526 0.00177951 0.0010454 -1.3648e-10 -0.00120324 -0.00235747 -0.00324064 -0.00366165 -0.00350396 -0.00275616 -0.00152104 3.71975e-11 0.001545 0.00284365 0.00367212 0.0038978 0.00350396 0.00258917 0.00134232 4.54738e-10 -0.00120324 -0.00208046 -0.00252381 -0.00251661 -0.00212526 -0.00147527 -0.000718491 -4.90759e-10 0.000568372 0.000923198 0.00105208 0.000985518 0.00078184 0.000509839 0.00023326 -1.96587e-11 -0.000162842 -0.000248476 -0.000266008 -0.000234081 -0.000174452 -0.000106868 -4.59315e-05 -5.62483e-11 2.82976e-05 4.05625e-05
-2.42042e-05 1.11204e-11 3.9906e-05 9.35767e-05 0.000153953 0.000208196 0.000238448 0.000224479 0.000148269 4.3397e-12 -0.00021573 -0.000475222 -0.000734471 -0.00093307 -0.0010039 -0.000887831 -0.000550885 -7.59623e-11 0.000707351 0.00146379 0.00212526 0.00253635 0.00256356 0.0021298 0.00124144 -1.60812e-10 -0.00140674 -0.00273471 -0.00372995 -0.00418173 -0.00397051 -0.00309884 -0.00169685 4.11739e-11 0.00169685 0.00309884 0.00397051 0.00418173 0.00372995 0.00273471 0.00140673 4.72853e-10 -0.00124144 -0.0021298 -0.00256356 -0.00253635 -0.00212526 -0.00146379 -0.000707352 -4.79391e-10 0.000550885 0.000887831 0.0010039 0.00093307 0.000734471 0.000475222 0.00021573 -1.80398e-11 -0.000148269 -0.000224479 -0.000238448 -0.000208196 -0.000153953 -9.35768e-05 -3.9906e-05 -4.84891e-11 2.42042e-05
-4.89277e-05 -3.41334e-05 1.55603e-11 5.5404e-05 0.000128907 0.000210429 0.000282356 0.000320867 0.000299719 0.000196424 5.70442e-12 -0.000281365 -0.000614983 -0.000943079 -0.00118876 -0.00126905 -0.00111359 -0.000685588 -9.38009e-11 0.000866664 0.00177951 0.00256356 0.00303561 0.0030443 0.00250951 0.00145139 -1.86545e-10 -0.00161914 -0.00312314 -0.00422659 -0.00470165 -0.00442943 -0.0034301 -0.00186362 4.48688e-11 0.00183473 0.00332456 0.00422659 0.00441679 0.00390896 0.00284365 0.00145139 4.84066e-10 -0.00126099 -0.0021465 -0.00256356 -0.00251661 -0.00209231 -0.00142988 -0.000685589 -4.61026e-10 0.000525658 0.000840582 0.00094308 0.000869717 0.000679275 0.000436088 0.000196424 -1.62976e-11 -0.000132907 -0.000199656 -0.000210429 -0.000182303 -0.000133757 -8.06683e-05 -3.41334e-05 -4.11521e-11
-6.93923e-05 -6.84622e-05 -4.73895e-05 2.14352e-11 7.57283e-05 0.000174824 0.000283164 0.000376994 0.000425079 0.000393973 0.000256186 7.38207e-12 -0.00036128 -0.000783508 -0.00119216 -0.00149104 -0.00157936 -0.0013751 -0.00084 -1.14033e-10 0.0010454 0.0021298 0.0030443 0.00357682 0.00355914 0.00291109 0.00167054 -2.13042e-10 -0.00183473 -0.00351144 -0.0047151 -0.00520425 -0.00486477 -0.00373791 -0.00201506 4.81372e-11 0.00195306 0.00351144 0.00442943 0.00459273 0.00403304 0.00291109 0.00147425 4.87863e-10 -0.00126099 -0.0021298 -0.00252381 -0.00245831 -0.00202794 -0.0013751 -0.000654193 -4.36491e-10 0.00049381 0.000783508 0.000872206 0.000798097 0.000618487 0.000393973 0.000176074 -1.44954e-11 -0.00011729 -0.000174824 -0.000182824 -0.000157155 -0.000114409 -6.84623e-05 -2.87432e-05
-8.08963e-05 -9.63416e-05 -9.43106e-05 -6.47738e-05 2.90705e-11 0.000101904 0.000233421 0.000375131 0.00049555 0.000554408 0.000509839 0.000328949 9.40501e-12 -0.0004567 -0.00098274 -0.00148367 -0.00184119 -0.00193507 -0.0016717 -0.00101323 -1.3648e-10 0.00124144 0.00250951 0.00355914 0.00414919 0.00409655 0.00332457 0.00189297 -2.39529e-10 -0.00204679 -0.00388681 -0.00517852 -0.00567127 -0.00526007 -0.00401019 -0.00214502 5.0843e-11 0.00204679 0.00365132 0.00457003 0.00470165 0.00409655 0.00293392 0.00147425 4.84066e-10 -0.00124144 -0.00208046 -0.00244616 -0.00236414 -0.00193507 -0.00130192 -0.000614558 -4.06854e-10 0.0004567 0.000718988 0.000794153 0.000721021 0.000554408 0.000350407 0.000155384 -1.26926e-11 -0.000101904 -0.000150708 -0.000156378 -0.000133375 -9.63416e-05 -5.72024e-05
-7.987e-05 -0.000111439 -0.000131683 -0.000127904 -8.71626e-05 3.88141e-11 0.000135 0.000306826 0.000489263 0.000641289 0.000711874 0.000649551 0.00041583 1.17965e-11 -0.000568373 -0.00121352 -0.00181783 -0.00223832 -0.00233414 -0.00200076 -0.00120324 -1.60812e-10 0.00145139 0.00291109 0.00409655 0.00473852 0.004642 0.00373791 0.00211176 -2.65134e-10 -0.00224796 -0.00423561 -0.00559932 -0.00608438 -0.00559932 -0.00423561 -0.00224796 5.28683e-11 0.00211176 0.00373791 0.004642 0.00473852 0.00409655 0.00291109 0.00145139 4.72853e-10 -0.00120324 -0.00200076 -0.00233414 -0.00223832 -0.00181783 -0.00121352 -0.000568373 -3.7335e-10 0.00041583 0.000649551 0.000711874 0.000641289 0.000489263 0.000306826 0.000135 -1.09417e-11 -8.71628e-05 -0.000127904 -0.000131683 -0.000111439 -7.987e-05
-6.48187e-05 -0.000109169 -0.000151134 -0.000177199 -0.000170774 -0.000115472 5.10202e-11 0.000176073 0.000397063 0.000628226 0.000817023 0.000899893 0.00081472 0.000517509 1.45668e-11 -0.000696385 -0.00147527 -0.00219273 -0.00267892 -0.00277186 -0.00235747 -0.00140674 -1.86545e-10 0.00167054 0.00332457 0.004642 0.00532766 0.00517852 0.00413749 0.00231931 -2.88927e-10 -0.00243062 -0.00454414 -0.00596044 -0.00642639 -0.00586804 -0.00440433 -0.00231932 5.41221e-11 0.00214502 0.00376723 0.004642 0.00470165 0.00403304 0.00284365 0.00140673 4.54738e-10 -0.00114814 -0.00189428 -0.00219273 -0.00208634 -0.00168122 -0.00111359 -0.00051751 -3.37294e-10 0.000372748 0.000577723 0.000628226 0.000561531 0.000425079 0.000264501 0.000115472 -9.28611e-12 -7.33984e-05 -0.000106868 -0.000109169 -9.16675e-05
-3.69071e-05 -8.79072e-05 -0.000146903 -0.000201791 -0.000234751 -0.000224479 -0.000150604 6.60251e-11 0.000226083 0.000505871 0.000794152 0.00102478 0.00111993 0.00100604 0.000634066 1.77087e-11 -0.00084 -0.00176566 -0.00260393 -0.00315654 -0.00324064 -0.00273471 -0.00161914 -2.13042e-10 0.00189297 0.00373791 0.00517852 0.00589718 0.0056875 0.00450878 0.00250778 -3.09974e-10 -0.00258738 -0.00479957 -0.00624649 -0.00668239 -0.00605431 -0.00450878 -0.00235584 5.45466e-11 0.00214502 0.00373791 0.00457003 0.00459273 0.00390896 0.00273471 0.00134232 4.30538e-10 -0.00107858 -0.00176566 -0.00202794 -0.00191454 -0.00153077 -0.00100604 -0.000463893 -2.99995e-10 0.000328949 0.000505871 0.000545812 0.00048407 0.00036359 0.000224479 9.72371e-05 -7.75883e-12 -6.08494e-05 -8.79072e-05 -8.91014e-05
-2.94724e-11 -4.96639e-05 -0.000117371 -0.000194615 -0.000265249 -0.000306173 -0.000290497 -0.000193379 8.41181e-11 0.000285795 0.000634504 0.000988339 0.00126543 0.00137217 0.00122304 0.000764829 2.11945e-11 -0.000997525 -0.00208046 -0.0030443 -0.00366165 -0.00372995 -0.00312314 -0.00183473 -2.39529e-10 0.00211176 0.00413749 0.0056875 0.00642639 0.00614965 0.00483721 0.00266951 -3.27397e-10 -0.00271155 -0.00499076 -0.00644478 -0.00684085 -0.00614965 -0.00454414 -0.00235584 5.41221e-11 0.00211176 0.00365132 0.00442943 0.00441679 0.00372995 0.00258917 0.00126099 4.01305e-10 -0.000997524 -0.00162026 -0.00184646 -0.00172964 -0.00137217 -0.000894794 -0.000409384 -2.62685e-10 0.000285796 0.000436088 0.000466858 0.000410825 0.000306173 0.000187559 8.06124e-05 -6.38224e-12 -4.96638e-05 -7.11894e-05
3.9906e-05 -3.93508e-11 -6.5794e-05 -0.000154282 -0.000253826 -0.000343257 -0.000393134 -0.000370103 -0.000244454 1.05508e-10 0.000355678 0.000783508 0.00121094 0.00153837 0.00165516 0.00146379 0.000908257 2.49732e-11 -0.00116622 -0.00241338 -0.00350396 -0.00418173 -0.00422659 -0.00351144 -0.00204679 -2.65134e-10 0.00231931 0.00450878 0.00614965 0.00689451 0.00654627 0.00510912 0.00279763 -3.40439e-10 -0.00279763 -0.00510912 -0.00654627 -0.00689451 -0.00614965 -0.00450878 -0.00231932 5.28683e-11 0.00204679 0.00351144 0.00422659 0.00418173 0.00350396 0.00241338 0.00116622 3.68258e-10 -0.000908256 -0.00146379 -0.00165516 -0.00153837 -0.00121094 -0.000783508 -0.000355679 -2.26448e-10 0.000244454 0.000370103 0.000393134 0.000343257 0.000253826 0.000154282 6.57939e-05 -5.1685e-12 -3.9906e-05
7.57808e-05 5.28669e-05 -5.17257e-11 -8.58115e-05 -0.000199656 -0.000325919 -0.000437321 -0.000496968 -0.000464213 -0.000304227 1.30285e-10 0.000435786 0.000952504 0.00146067 0.00184119 0.00196555 0.00172476 0.00106186 2.89695e-11 -0.00134232 -0.00275616 -0.00397051 -0.00470165 -0.0047151 -0.00388681 -0.00224796 -2.88927e-10 0.00250778 0.00483721 0.00654627 0.00728205 0.00686043 0.00531264 0.00288643 -3.48513e-10 -0.00284168 -0.00514919 -0.00654627 -0.00684085 -0.00605431 -0.00440433 -0.00224796 5.0843e-11 0.00195306 0.00332456 0.00397051 0.0038978 0.00324064 0.00221464 0.00106186 3.32694e-10 -0.000814155 -0.00130192 -0.00146067 -0.00134704 -0.00105208 -0.000675426 -0.000304228 -1.92184e-10 0.000205851 0.000309233 0.00032592 0.000282356 0.000207167 0.000124941 5.28669e-05 -4.12069e-12
0.000100965 9.96119e-05 6.89514e-05 -6.6938e-11 -0.000110184 -0.000254368 -0.000412001 -0.000548524 -0.000618487 -0.000573227 -0.000372747 1.58386e-10 0.000525658 0.00114 0.00173459 0.00216945 0.00229796 0.00200076 0.00122219 3.30842e-11 -0.00152104 -0.00309884 -0.00442943 -0.00520425 -0.00517852 -0.00423561 -0.00243062 -3.09974e-10 0.00266951 0.00510912 0.00686043 0.00757213 0.0070782 0.00543863 0.00293189 -3.51246e-10 -0.00284168 -0.00510912 -0.00644478 -0.00668239 -0.00586804 -0.00423561 -0.00214502 4.81372e-11 0.00183473 0.00309884 0.00367212 0.00357682 0.00295063 0.00200076 0.000951844 2.95904e-10 -0.000718489 -0.00114 -0.00126905 -0.00116122 -0.000899893 -0.000573227 -0.000256186 -1.60576e-10 0.000170656 0.000254368 0.000266008 0.000228659 0.000166463 9.96119e-05 4.18211e-05
0.000110572 0.000131683 0.000128907 8.85353e-05 -8.52812e-11 -0.000139286 -0.000319049 -0.000512743 -0.000677336 -0.000757786 -0.000696867 -0.000449619 1.89563e-10 0.000624235 0.00134325 0.00202794 0.00251661 0.00264493 0.00228494 0.00138493 3.71975e-11 -0.00169685 -0.0034301 -0.00486477 -0.00567127 -0.00559932 -0.00454414 -0.00258738 -3.27397e-10 0.00279763 0.00531264 0.0070782 0.0077517 0.00718967 0.00548128 0.00293189 -3.48513e-10 -0.00279763 -0.00499076 -0.00624649 -0.00642639 -0.00559932 -0.00401019 -0.00201506 4.48688e-11 0.00169685 0.00284365 0.00334351 0.00323139 0.00264493 0.00177951 0.00084 2.59102e-10 -0.000624234 -0.000982739 -0.00108548 -0.000985518 -0.000757786 -0.000478949 -0.000212385 -1.32086e-10 0.000139286 0.000205993 0.000213743 0.000182303 0.000131683 7.81863e-05
0.000102555 0.000143091 0.000169085 0.000164232 0.000111919 -1.06967e-10 -0.000173344 -0.000393973 -0.000628226 -0.000823431 -0.000914064 -0.00083404 -0.000533936 2.2336e-10 0.000729804 0.00155819 0.00233414 0.00287406 0.0029971 0.00256902 0.001545 4.11739e-11 -0.00186362 -0.00373791 -0.00526007 -0.00608438 -0.00596044 -0.00479957 -0.00271155 -3.40439e-10 0.00288643 0.00543863 0.00718967 0.0078125 0.00718967 0.00543863 0.00288643 -3.40439e-10 -0.00271155 -0.00479957 -0.00596044 -0.00608438 -0.00526007 -0.00373791 -0.00186362 4.11739e-11 0.001545 0.00256902 0.0029971 0.00287406 0.00233414 0.00155819 0.000729804 2.2336e-10 -0.000533936 -0.00083404 -0.000914064 -0.000823431 -0.000628226 -0.000393973 -0.000173344 -1.06967e-10 0.000111919 0.000164232 0.000169085 0.000143091 0.000102555
7.81863e-05 0.000131683 0.000182303 0.000213743 0.000205993 0.000139286 -1.32086e-10 -0.000212385 -0.000478949 -0.000757786 -0.000985518 -0.00108548 -0.000982739 -0.000624234 2.59102e-10 0.00084 0.00177951 0.00264493 0.00323139 0.00334351 0.00284365 0.00169685 4.48688e-11 -0.00201506 -0.00401019 -0.00559932 -0.00642639 -0.00624649 -0.00499076 -0.00279763 -3.48513e-10 0.00293189 0.00548128 0.00718967 0.0077517 0.0070782 0.00531264 0.00279763 -3.27397e-10 -0.00258738 -0.00454414 -0.00559932 -0.00567127 -0.00486477 -0.0034301 -0.00169685 3.71975e-11 0.00138493 0.00228494 0.00264493 0.00251661 0.00202794 0.00134325 0.000624235 1.89563e-10 -0.000449619 -0.000696867 -0.000757786 -0.000677336 -0.000512743 -0.000319049 -0.000139286 -8.52812e-11 8.85353e-05 0.000128907 0.000131683 0.000110572
4.18211e-05 9.96119e-05 0.000166463 0.000228659 0.000266008 0.000254368 0.000170656 -1.60576e-10 -0.000256186 -0.000573227 -0.000899893 -0.00116122 -0.00126905 -0.00114 -0.000718489 2.95904e-10 0.000951844 0.00200076 0.00295063 0.00357682 0.00367212 0.00309884 0.00183473 4.81372e-11 -0.00214502 -0.00423561 -0.00586804 -0.00668239 -0.00644478 -0.00510912 -0.00284168 -3.51246e-10 0.00293189 0.00543863 0.0070782 0.00757213 0.00686043 0.00510912 0.00266951 -3.09974e-10 -0.00243062 -0.00423561 -0.00517852 -0.00520425 -0.00442943 -0.00309884 -0.00152104 3.30842e-11 0.00122219 0.00200076 0.00229796 0.00216945 0.00173459 0.00114 0.000525658 1.58386e-10 -0.000372747 -0.000573227 -0.000618487 -0.000548524 -0.000412001 -0.000254368 -0.000110184 -6.6938e-11 6.89514e-05 9.96119e-05 0.000100965
-4.12069e-12 5.28669e-05 0.000124941 0.000207167 0.000282356 0.00032592 0.000309233 0.000205851 -1.92184e-10 -0.000304228 -0.000675426 -0.00105208 -0.00134704 -0.00146067 -0.00130192 -0.000814155 3.32694e-10 0.00106186 0.00221464 0.00324064 0.0038978 0.00397051 0.00332456 0.00195306 5.0843e-11 -0.00224796 -0.00440433 -0.00605431 -0.00684085 -0.00654627 -0.00514919 -0.00284168 -3.48513e-10 0.00288643 0.00531264 0.00686043 0.00728205 0.00654627 0.00483721 0.00250778 -2.88927e-10 -0.00224796 -0.00388681 -0.0047151 -0.00470165 -0.00397051 -0.00275616 -0.00134232 2.89695e-11 0.00106186 0.00172476 0.00196555 0.00184119 0.00146067 0.000952504 0.000435786 1.30285e-10 -0.000304227 -0.000464213 -0.000496968 -0.000437321 -0.000325919 -0.000199656 -8.58115e-05 -5.17257e-11 5.28669e-05 7.57808e-05
-3.9906e-05 -5.1685e-12 6.57939e-05 0.000154282 0.000253826 0.000343257 0.000393134 0.000370103 0.000244454 -2.26448e-10 -0.000355679 -0.000783508 -0.00121094 -0.00153837 -0.00165516 -0.00146379 -0.000908256 3.68258e-10 0.00116622 0.00241338 0.00350396 0.00418173 0.00422659 0.00351144 0.00204679 5.28683e-11 -0.00231932 -0.00450878 -0.00614965 -0.00689451 -0.00654627 -0.00510912 -0.00279763 -3.40439e-10 0.00279763 0.00510912 0.00654627 0.00689451 0.00614965 0.00450878 0.00231931 -2.65134e-10 -0.00204679 -0.00351144 -0.00422659 -0.00418173 -0.00350396 -0.00241338 -0.00116622 2.49732e-11 0.000908257 0.00146379 0.00165516 0.00153837 0.00121094 0.000783508 0.000355678 1.05508e-10 -0.000244454 -0.000370103 -0.000393134 -0.000343257 -0.000253826 -0.000154282 -6.5794e-05 -3.93508e-11 3.9906e-05
-7.11894e-05 -4.96638e-05 -6.38224e-12 8.06124e-05 0.000187559 0.000306173 0.000410825 0.000466858 0.000436088 0.000285796 -2.62685e-10 -0.000409384 -0.000894794 -0.00137217 -0.00172964 -0.00184646 -0.00162026 -0.000997524 4.01305e-10 0.00126099 0.00258917 0.00372995 0.00441679 0.00442943 0.00365132 0.00211176 5.41221e-11 -0.00235584 -0.00454414 -0.00614965 -0.00684085 -0.00644478 -0.00499076 -0.00271155 -3.27397e-10 0.00266951 0.00483721 0.00614965 0.00642639 0.0056875 0.00413749 0.00211176 -2.39529e-10 -0.00183473 -0.00312314 -0.00372995 -0.00366165 -0.0030443 -0.00208046 -0.000997525 2.11945e-11 0.000764829 0.00122304 0.00137217 0.00126543 0.000988339 0.000634504 0.000285795 8.41181e-11 -0.000193379 -0.000290497 -0.000306173 -0.000265249 -0.000194615 -0.000117371 -4.96639e-05 -2.94724e-11
-8.91014e-05 -8.79072e-05 -6.08494e-05 -7.75883e-12 9.72371e-05 0.000224479 0.00036359 0.00048407 0.000545812 0.000505871 0.000328949 -2.99995e-10 -0.000463893 -0.00100604 -0.00153077 -0.00191454 -0.00202794 -0.00176566 -0.00107858 4.30538e-10 0.00134232 0.00273471 0.00390896 0.00459273 0.00457003 0.00373791 0.00214502 5.45466e-11 -0.00235584 -0.00450878 -0.00605431 -0.00668239 -0.00624649 -0.00479957 -0.00258738 -3.09974e-10 0.00250778 0.00450878 0.0056875 0.00589718 0.00517852 0.00373791 0.00189297 -2.13042e-10 -0.00161914 -0.00273471 -0.00324064 -0.00315654 -0.00260393 -0.00176566 -0.00084 1.77087e-11 0.000634066 0.00100604 0.00111993 0.00102478 0.000794152 0.000505871 0.000226083 6.60251e-11 -0.000150604 -0.000224479 -0.000234751 -0.000201791 -0.000146903 -8.79072e-05 -3.69071e-05
-9.16675e-05 -0.000109169 -0.000106868 -7.33984e-05 -9.28611e-12 0.000115472 0.000264501 0.000425079 0.000561531 0.000628226 0.000577723 0.000372748 -3.37294e-10 -0.00051751 -0.00111359 -0.00168122 -0.00208634 -0.00219273 -0.00189428 -0.00114814 4.54738e-10 0.00140673 0.00284365 0.00403304 0.00470165 0.004642 0.00376723 0.00214502 5.41221e-11 -0.00231932 -0.00440433 -0.00586804 -0.00642639 -0.00596044 -0.00454414 -0.00243062 -2.88927e-10 0.00231931 0.00413749 0.00517852 0.00532766 0.004642 0.00332457 0.00167054 -1.86545e-10 -0.00140674 -0.00235747 -0.00277186 -0.00267892 -0.00219273 -0.00147527 -0.000696385 1.45668e-11 0.000517509 0.00081472 0.000899893 0.000817023 0.000628226 0.000397063 0.000176073 5.10202e-11 -0.000115472 -0.000170774 -0.000177199 -0.000151134 -0.000109169 -6.48187e-05
-7.987e-05 -0.000111439 -0.000131683 -0.000127904 -8.71628e-05 -1.09417e-11 0.000135 0.000306826 0.000489263 0.000641289 0.000711874 0.000649551 0.00041583 -3.7335e-10 -0.000568373 -0.00121352 -0.00181783 -0.00223832 -0.00233414 -0.00200076 -0.00120324 4.72853e-10 0.00145139 0.00291109 0.00409655 0.00473852 0.004642 0.00373791 0.00211176 5.28683e-11 -0.00224796 -0.00423561 -0.00559932 -0.00608438 -0.00559932 -0.00423561 -0.00224796 -2.65134e-10 0.00211176 0.00373791 0.004642 0.00473852 0.00409655 0.00291109 0.00145139 -1.60812e-10 -0.00120324 -0.00200076 -0.00233414 -0.00223832 -0.00181783 -0.00121352 -0.000568373 1.17965e-11 0.00041583 0.000649551 0.000711874 0.000641289 0.000489263 0.000306826 0.000135 3.88141e-11 -8.71626e-05 -0.000127904 -0.000131683 -0.000111439 -7.987e-05
-5.72024e-05 -9.63416e-05 -0.000133375 -0.000156378 -0.000150708 -0.000101904 -1.26926e-11 0.000155384 0.000350407 0.000554408 0.000721021 0.000794153 0.000718988 0.0004567 -4.06854e-10 -0.000614558 -0.00130192 -0.00193507 -0.00236414 -0.00244616 -0.00208046 -0.00124144 4.84066e-10 0.00147425 0.00293392 0.00409655 0.00470165 0.00457003 0.00365132 0.00204679 5.0843e-11 -0.00214502 -0.00401019 -0.00526007 -0.00567127 -0.00517852 -0.00388681 -0.00204679 -2.39529e-10 0.00189297 0.00332457 0.00409655 0.00414919 0.00355914 0.00250951 0.00124144 -1.3648e-10 -0.00101323 -0.0016717 -0.00193507 -0.00184119 -0.00148367 -0.00098274 -0.0004567 9.40501e-12 0.000328949 0.000509839 0.000554408 0.00049555 0.000375131 0.000233421 0.000101904 2.90705e-11 -6.47738e-05 -9.43106e-05 -9.63416e-05 -8.08963e-05
-2.87432e-05 -6.84623e-05 -0.000114409 -0.000157155 -0.000182824 -0.000174824 -0.00011729 -1.44954e-11 0.000176074 0.000393973 0.000618487 0.000798097 0.000872206 0.000783508 0.00049381 -4.36491e-10 -0.000654193 -0.0013751 -0.00202794 -0.00245831 -0.00252381 -0.0021298 -0.00126099 4.87863e-10 0.00147425 0.00291109 0.00403304 0.00459273 0.00442943 0.00351144 0.00195306 4.81372e-11 -0.00201506 -0.00373791 -0.00486477 -0.00520425 -0.0047151 -0.00351144 -0.00183473 -2.13042e-10 0.00167054 0.00291109 0.00355914 0.00357682 0.0030443 0.0021298 0.0010454 -1.14033e-10 -0.00084 -0.0013751 -0.00157936 -0.00149104 -0.00119216 -0.000783508 -0.00036128 7.38207e-12 0.000256186 0.000393973 0.000425079 0.000376994 0.000283164 0.000174824 7.57283e-05 2.14352e-11 -4.73895e-05 -6.84622e-05 -6.93923e-05
-4.11521e-11 -3.41334e-05 -8.06683e-05 -0.000133757 -0.000182303 -0.000210429 -0.000199656 -0.000132907 -1.62976e-11 0.000196424 0.000436088 0.000679275 0.000869717 0.00094308 0.000840582 0.000525658 -4.61026e-10 -0.000685589 -0.00142988 -0.00209231 -0.00251661 -0.00256356 -0.0021465 -0.00126099 4.84066e-10 0.00145139 0.00284365 0.00390896 0.00441679 0.00422659 0.00332456 0.00183473 4.48688e-11 -0.00186362 -0.0034301 -0.00442943 -0.00470165 -0.00422659 -0.00312314 -0.00161914 -1.86545e-10 0.00145139 0.00250951 0.0030443 0.00303561 0.00256356 0.00177951 0.000866664 -9.38009e-11 -0.000685588 -0.00111359 -0.00126905 -0.00118876 -0.000943079 -0.000614983 -0.000281365 5.70442e-12 0.000196424 0.000299719 0.000320867 0.000282356 0.000210429 0.000128907 5.5404e-05 1.55603e-11 -3.41334e-05 -4.89277e-05
2.42042e-05 -4.84891e-11 -3.9906e-05 -9.35768e-05 -0.000153953 -0.000208196 -0.000238448 -0.000224479 -0.000148269 -1.80398e-11 0.00021573 0.000475222 0.000734471 0.00093307 0.0010039 0.000887831 0.000550885 -4.79391e-10 -0.000707352 -0.00146379 -0.00212526 -0.00253635 -0.00256356 -0.0021298 -0.00124144 4.72853e-10 0.00140673 0.00273471 0.00372995 0.00418173 0.00397051 0.00309884 0.00169685 4.11739e-11 -0.00169685 -0.00309884 -0.00397051 -0.00418173 -0.00372995 -0.00273471 -0.00140674 -1.60812e-10 0.00124144 0.0021298 0.00256356 0.00253635 0.00212526 0.00146379 0.000707351 -7.59623e-11 -0.000550885 -0.000887831 -0.0010039 -0.00093307 -0.000734471 -0.000475222 -0.00021573 4.3397e-12 0.000148269 0.000224479 0.000238448 0.000208196 0.000153953 9.35767e-05 3.9906e-05 1.11204e-11 -2.42042e-05
4.05625e-05 2.82976e-05 -5.62483e-11 -4.59315e-05 -0.000106868 -0.000174452 -0.000234081 -0.000266008 -0.000248476 -0.000162842 -1.96587e-11 0.00023326 0.000509839 0.00078184 0.000985518 0.00105208 0.000923198 0.000568372 -4.90759e-10 -0.000718491 -0.00147527 -0.00212526 -0.00251661 -0.00252381 -0.00208046 -0.00120324 4.54738e-10 0.00134232 0.00258917 0.00350396 0.0038978 0.00367212 0.00284365 0.001545 3.71975e-11 -0.00152104 -0.00275616 -0.00350396 -0.00366165 -0.00324064 -0.00235747 -0.00120324 -1.3648e-10 0.0010454 0.00177951 0.00212526 0.00208634 0.00173459 0.00118541 0.000568372 -6.05624e-11 -0.000435786 -0.000696867 -0.00078184 -0.000721021 -0.000563138 -0.00036153 -0.000162841 3.25028e-12 0.000110184 0.00016552 0.000174452 0.000151134 0.000110889 6.68763e-05 2.82976e-05 7.82421e-12
4.76926e-05 4.70533e-05 3.25704e-05 -6.42376e-11 -5.20472e-05 -0.000120155 -0.000194615 -0.000259104 -0.000292152 -0.000270773 -0.000176074 -2.10907e-11 0.000248304 0.000538497 0.000819362 0.00102478 0.00108548 0.000945092 0.000577323 -4.94609e-10 -0.000718491 -0.00146379 -0.00209231 -0.00245831 -0.00244616 -0.00200076 -0.00114814 4.30538e-10 0.00126099 0.00241338 0.00324064 0.00357682 0.00334351 0.00256902 0.00138493 3.30842e-11 -0.00134232 -0.00241338 -0.0030443 -0.00315654 -0.00277186 -0.00200076 -0.00101323 -1.14033e-10 0.000866664 0.00146379 0.00173459 0.00168957 0.00139378 0.000945091 0.00044962 -4.7536e-11 -0.000339391 -0.000538497 -0.000599458 -0.000548524 -0.000425079 -0.000270773 -0.000121014 2.39661e-12 8.06124e-05 0.000120155 0.000125653 0.000108011 7.86317e-05 4.70533e-05 1.97549e-05
4.60933e-05 5.48938e-05 5.37366e-05 3.69071e-05 -7.22243e-11 -5.80629e-05 -0.000132999 -0.000213743 -0.000282356 -0.000315892 -0.000290497 -0.000187429 -2.22762e-11 0.00026022 0.000559948 0.000845371 0.00104908 0.00110257 0.000952504 0.000577323 -4.90759e-10 -0.000707352 -0.00142988 -0.00202794 -0.00236414 -0.00233414 -0.00189428 -0.00107858 4.01305e-10 0.00116622 0.00221464 0.00295063 0.00323139 0.0029971 0.00228494 0.00122219 2.89695e-11 -0.00116622 -0.00208046 -0.00260393 -0.00267892 -0.00233414 -0.0016717 -0.00084 -9.38009e-11 0.000707351 0.00118541 0.00139378 0.00134704 0.00110257 0.000741811 0.000350164 -3.6733e-11 -0.00026022 -0.000409667 -0.000452494 -0.000410825 -0.000315892 -0.000199656 -8.85354e-05 1.73975e-12 5.80629e-05 8.58708e-05 8.91014e-05 7.5995e-05 5.48938e-05 3.25929e-05
