-1.61609e-06 8.05689e-07 5.12984e-06 1.04562e-05 1.45152e-05 1.40016e-05 5.8025e-06 -1.10566e-05 -3.35056e-05 -5.37505e-05 -6.09012e-05 -4.5131e-05 -3.18297e-06 5.72711e-05 0.000117253 0.000151692 0.000139285 7.32225e-05 -3.24073e-05 -0.000144691 -0.00022299 -0.000235138 -0.000171703 -5.14822e-05 8.4894e-05 0.000190827 0.000232121 0.000199728 0.00011153 3.09215e-06 -8.77143e-05 -0.000135065 -0.000132673 -9.24122e-05 -3.62189e-05 1.41021e-05 4.46063e-05 5.19946e-05 4.16473e-05 2.30156e-05 4.96396e-06 -7.11252e-06 -1.18812e-05 -1.09602e-05 -7.16142e-06 -3.01164e-06 0
8.05689e-07 5.21062e-06 1.07881e-05 1.52118e-05 1.49047e-05 6.274e-06 -1.21433e-05 -3.73782e-05 -6.09073e-05 -7.00968e-05 -5.27634e-05 -3.77988e-06 6.90821e-05 0.000143661 0.000188784 0.000176072 9.40195e-05 -4.22671e-05 -0.000191684 -0.000300066 -0.000321395 -0.000238386 -7.26016e-05 0.000121605 0.000277651 0.000343052 0.000299827 0.000170063 4.78921e-06 -0.000137994 -0.000215833 -0.000215349 -0.000152362 -6.06553e-05 2.39884e-05 7.70727e-05 9.12534e-05 7.42444e-05 4.16759e-05 9.13012e-06 -1.32879e-05 -2.25466e-05 -2.11263e-05 -1.40214e-05 -5.98935e-06 2.26526e-20 3.01164e-06
5.12984e-06 1.07881e-05 1.54514e-05 1.53778e-05 6.5751e-06 -1.29265e-05 -4.04155e-05 -6.68936e-05 -7.81987e-05 -5.97888e-05 -4.35061e-06 8.07651e-05 0.000170602 0.000227717 0.000215728 0.000117009 -5.34306e-05 -0.000246127 -0.00039136 -0.00042578 -0.000320783 -9.92346e-05 0.000168832 0.000391551 0.0004914 0.000436246 0.000251337 7.18945e-06 -0.000210416 -0.000334288 -0.000338791 -0.000243474 -9.84532e-05 3.95503e-05 0.000129072 0.000155227 0.000128283 7.31434e-05 1.62762e-05 -2.40613e-05 -4.14696e-05 -3.94691e-05 -2.66079e-05 -1.15448e-05 2.21758e-20 5.98935e-06 7.16142e-06
1.04562e-05 1.52118e-05 1.53778e-05 6.67864e-06 -1.33368e-05 -4.23551e-05 -7.12078e-05 -8.45529e-05 -6.56652e-05 -4.85346e-06 9.15189e-05 0.000196362 0.000266229 0.000256184 0.00014114 -6.54645e-05 -0.00030631 -0.000494725 -0.000546712 -0.00041838 -0.000131464 0.000227188 0.000535187 0.000682241 0.000615206 0.000360024 1.04606e-05 -0.000310974 -0.000501826 -0.000516595 -0.000377099 -0.000154889 6.32011e-05 0.000209505 0.000255926 0.000214833 0.000124421 2.81228e-05 -4.22289e-05 -7.39276e-05 -7.14693e-05 -4.89394e-05 -2.15685e-05 4.20823e-20 1.15448e-05 1.40214e-05 1.09602e-05
1.45152e-05 1.49047e-05 6.5751e-06 -1.33368e-05 -4.30221e-05 -7.34682e-05 -8.86107e-05 -6.99002e-05 -5.24784e-06 0.000100514 0.000219057 0.000301676 0.000294865 0.000165009 -7.7741e-05 -0.000369481 -0.00060615 -0.000680394 -0.000528882 -0.000168804 0.000296309 0.000709007 0.000918056 0.000840887 0.000499844 1.47518e-05 -0.00044545 -0.000730152 -0.000763478 -0.000566093 -0.000236177 9.78878e-05 0.000329598 0.000408969 0.000348709 0.000205136 4.70967e-05 -7.18338e-05 -0.000127735 -0.000125433 -8.7244e-05 -3.90555e-05 7.74012e-20 2.15685e-05 2.66079e-05 2.11263e-05 1.18812e-05
1.40016e-05 6.274e-06 -1.29265e-05 -4.23551e-05 -7.34682e-05 -9.00061e-05 -7.21191e-05 -5.49969e-06 0.000106996 0.000236857 0.000331327 0.000328946 0.00018698 -8.94794e-05 -0.000431967 -0.00071982 -0.000820712 -0.000648 -0.00021008 0.00037457 0.000910383 0.00119737 0.00111399 0.000672613 2.01633e-05 -0.000618446 -0.00102968 -0.00109363 -0.000823661 -0.000349047 0.000146947 0.000502577 0.000633424 0.000548596 0.000327806 7.64456e-05 -0.000118434 -0.000213917 -0.000213368 -0.000150744 -6.85445e-05 1.37983e-19 3.90555e-05 4.89394e-05 3.94691e-05 2.25466e-05 7.11252e-06
5.8025e-06 -1.21433e-05 -4.04155e-05 -7.12078e-05 -8.86107e-05 -7.21191e-05 -5.58629e-06 0.000110393 0.000248224 0.000352695 0.000355676 0.000205357 -9.98215e-05 -0.000489482 -0.000828508 -0.00095951 -0.000769519 -0.000253404 0.000458932 0.00113299 0.00151362 0.0014304 0.000877253 2.67121e-05 -0.00083221 -0.0014074 -0.00151836 -0.00116155 -0.000499987 0.000213807 0.000742761 0.000950882 0.000836509 0.000507716 0.000120266 -0.000189257 -0.000347221 -0.000351784 -0.000252449 -0.000116598 2.38413e-19 6.85445e-05 8.7244e-05 7.14693e-05 4.14696e-05 1.32879e-05 -4.96396e-06
-1.10566e-05 -3.73782e-05 -6.68936e-05 -8.45529e-05 -6.99002e-05 -5.49969e-06 0.000110393 0.000252133 0.000363891 0.000372745 0.000218602 -0.000107933 -0.000537591 -0.000924268 -0.00108727 -0.000885711 -0.00029626 0.000544996 0.00136665 0.00185452 0.00178016 0.00110895 3.4299e-05 -0.00108541 -0.00186451 -0.00204317 -0.00158765 -0.000694163 0.000301516 0.00106396 0.00138352 0.00123628 0.000762172 0.000183383 -0.000293127 -0.000546255 -0.00056215 -0.000409765 -0.000192238 3.99266e-19 0.000116598 0.000150744 0.000125433 7.39276e-05 2.40613e-05 -9.13012e-06 -2.30156e-05
-3.35056e-05 -6.09073e-05 -7.81987e-05 -6.56652e-05 -5.24784e-06 0.000106996 0.000248224 0.000363891 0.000378615 0.000225541 -0.000113113 -0.000572263 -0.000999372 -0.00119413 -0.000988082 -0.000335706 0.000627286 0.00159777 0.0022023 0.00214728 0.00135872 4.26857e-05 -0.00137208 -0.00239408 -0.0026648 -0.00210329 -0.000934098 0.000412123 0.00147716 0.00195108 0.00177089 0.00110895 0.000271023 -0.000440036 -0.000832939 -0.000870675 -0.000644651 -0.000307195 6.48073e-19 0.000192238 0.000252449 0.000213368 0.000127735 4.22289e-05 -1.62762e-05 -4.16759e-05 -4.16473e-05
-5.37505e-05 -7.00968e-05 -5.97888e-05 -4.85346e-06 0.000100514 0.000236857 0.000352695 0.000372745 0.000225541 -0.000114894 -0.000590429 -0.00104733 -0.00127114 -0.00106837 -0.000368701 0.000699788 0.00181051 0.00253483 0.00251042 0.00161352 5.14888e-05 -0.00168111 -0.00297948 -0.00336862 -0.00270068 -0.00121829 0.000545975 0.00198773 0.00266681 0.00245864 0.00156388 0.000388223 -0.000640248 -0.001231 -0.00130704 -0.000982975 -0.000475793 1.01956e-18 0.000307195 0.000409765 0.000351784 0.000213917 7.18338e-05 -2.81228e-05 -7.31434e-05 -7.42444e-05 -5.19946e-05
-6.09012e-05 -5.27634e-05 -4.35061e-06 9.15189e-05 0.000219057 0.000331327 0.000355676 0.000218602 -0.000113113 -0.000590429 -0.00106383 -0.00131149 -0.00111964 -0.00039248 0.000756652 0.00198846 0.00282781 0.00284468 0.00185714 6.01966e-05 -0.00199637 -0.00359393 -0.00412732 -0.00336105 -0.00154007 0.000701045 0.00259249 0.00353295 0.00330846 0.00213757 0.000538994 -0.000902895 -0.00176333 -0.00190173 -0.00145274 -0.00071425 1.55465e-18 0.000475793 0.000644651 0.00056215 0.000347221 0.000118434 -4.70967e-05 -0.000124421 -0.000128283 -9.12534e-05 -4.46063e-05
-4.5131e-05 -3.77988e-06 8.07651e-05 0.000196362 0.000301676 0.000328946 0.000205357 -0.000107933 -0.000572263 -0.00104733 -0.00131149 -0.00113728 -0.000404939 0.000792964 0.0021167 0.00305759 0.00312427 0.00207179 6.82116e-05 -0.00229781 -0.00420173 -0.00490131 -0.0040542 -0.00188693 0.000872465 0.00327721 0.0045364 0.00431504 0.00283181 0.000725295 -0.00123411 -0.00244814 -0.00268187 -0.00208096 -0.00103923 2.29762e-18 0.00071425 0.000982975 0.000870675 0.000546255 0.000189257 -7.64456e-05 -0.000205136 -0.000214833 -0.000155227 -7.70727e-05 -1.41021e-05
-3.18297e-06 6.90821e-05 0.000170602 0.000266229 0.000294865 0.00018698 -9.98215e-05 -0.000537591 -0.000999372 -0.00127114 -0.00111964 -0.000404939 0.000805451 0.0021839 0.00320433 0.00332577 0.00224014 7.49158e-05 -0.00256339 -0.00476119 -0.00564138 -0.00473984 -0.00224079 0.00105239 0.00401533 0.00564565 0.00545472 0.00363612 0.000945964 -0.00163493 -0.00329434 -0.00366568 -0.00288912 -0.00146555 3.29118e-18 0.00103923 0.00145274 0.00130704 0.000832939 0.000293127 -0.000120266 -0.000327806 -0.000348709 -0.000255926 -0.000129072 -2.39884e-05 3.62189e-05
5.72711e-05 0.000143661 0.000227717 0.000256184 0.000165009 -8.94794e-05 -0.000489482 -0.000924268 -0.00119413 -0.00106837 -0.00039248 0.000792964 0.0021839 0.00325479 0.00343134 0.00234765 7.97475e-05 -0.00277168 -0.00522914 -0.00629341 -0.00537094 -0.00257913 0.00123037 0.00476832 0.00680995 0.00668327 0.00452523 0.00119581 -0.00209929 -0.00429663 -0.00485623 -0.00388774 -0.00200316 2.28468e-18 0.00146555 0.00208096 0.00190173 0.001231 0.000440036 -0.000183383 -0.000507716 -0.000548596 -0.000408969 -0.000209505 -3.95503e-05 6.06553e-05 9.24122e-05
0.000117253 0.000188784 0.000215728 0.00014114 -7.7741e-05 -0.000431967 -0.000828508 -0.00108727 -0.000988082 -0.000368701 0.000756652 0.0021167 0.00320433 0.00343134 0.00238462 8.22789e-05 -0.0029047 -0.00556639 -0.0068048 -0.00589883 -0.00287723 0.00139419 0.0054883 0.00796164 0.00793658 0.00545846 0.00146514 -0.00261261 -0.00543145 -0.00623553 -0.00507057 -0.00265376 3.07437e-18 0.00200316 0.00288912 0.00268187 0.00176333 0.000640248 -0.000271023 -0.000762172 -0.000836509 -0.000633424 -0.000329598 -6.32011e-05 9.84532e-05 0.000152362 0.000132673
0.000151692 0.000176072 0.000117009 -6.54645e-05 -0.000369481 -0.00071982 -0.00095951 -0.000885711 -0.000335706 0.000699788 0.00198846 0.00305759 0.00332577 0.00234765 8.22789e-05 -0.00295044 -0.00574309 -0.00713137 -0.00627927 -0.00311102 0.00153122 0.00612264 0.00902172 0.00913494 0.00638159 0.00173989 -0.00315141 -0.00665475 -0.00776024 -0.0064098 -0.0034075 4.00973e-18 0.00265376 0.00388774 0.00366568 0.00244814 0.000902895 -0.000388223 -0.00110895 -0.00123628 -0.000950882 -0.000502577 -9.78878e-05 0.000154889 0.000243474 0.000215349 0.000135065
0.000139285 9.40195e-05 -5.34306e-05 -0.00030631 -0.00060615 -0.000820712 -0.000769519 -0.00029626 0.000627286 0.00181051 0.00282781 0.00312427 0.00224014 7.97475e-05 -0.0029047 -0.00574309 -0.00724367 -0.00647859 -0.00326032 0.00162998 0.00662016 0.00990842 0.0101908 0.00723129 0.0020026 -0.00368437 -0.00790271 -0.00936064 -0.00785345 -0.0042407 5.06878e-18 0.0034075 0.00507057 0.00485623 0.00329434 0.00123411 -0.000538994 -0.00156388 -0.00177089 -0.00138352 -0.000742761 -0.000146947 0.000236177 0.000377099 0.000338791 0.000215833 8.77143e-05
7.32225e-05 -4.22671e-05 -0.000246127 -0.000494725 -0.000680394 -0.000648 -0.000253404 0.000544996 0.00159777 0.00253483 0.00284468 0.00207179 7.49158e-05 -0.00277168 -0.00556639 -0.00713137 -0.00647859 -0.00331167 0.00168172 0.00693786 0.0105475 0.0110188 0.00794202 0.00223407 -0.00417494 -0.00909596 -0.0109437 -0.00932621 -0.00511526 6.2104e-18 0.0042407 0.0064098 0.00623553 0.00429663 0.00163493 -0.000725295 -0.00213757 -0.00245864 -0.00195108 -0.00106396 -0.000213807 0.000349047 0.000566093 0.000516595 0.000334288 0.000137994 -3.09215e-06
-3.24073e-05 -0.000191684 -0.00039136 -0.000546712 -0.000528882 -0.00021008 0.000458932 0.00136665 0.0022023 0.00251042 0.00185714 6.82116e-05 -0.00256339 -0.00522914 -0.0068048 -0.00627927 -0.00326032 0.00168172 0.00704712 0.0108823 0.0115477 0.00845423 0.0024156 -0.00458528 -0.0101473 -0.0124008 -0.0107344 -0.00598035 3.68752e-18 0.00511526 0.00785345 0.00776024 0.00543145 0.00209929 -0.000945964 -0.00283181 -0.00330846 -0.00266681 -0.00147716 -0.000301516 0.000499987 0.000823661 0.000763478 0.000501826 0.000210416 -4.78921e-06 -0.00011153
-0.000144691 -0.000300066 -0.00042578 -0.00041838 -0.000168804 0.00037457 0.00113299 0.00185452 0.00214728 0.00161352 6.01966e-05 -0.00229781 -0.00476119 -0.00629341 -0.00589883 -0.00311102 0.00162998 0.00693786 0.0108823 0.0117295 0.0087226 0.00253153 -0.004881 -0.0109718 -0.0136196 -0.0119751 -0.00677662 4.2443e-18 0.00598035 0.00932621 0.00936064 0.00665475 0.00261261 -0.00119581 -0.00363612 -0.00431504 -0.00353295 -0.00198773 -0.000412123 0.000694163 0.00116155 0.00109363 0.000730152 0.000310974 -7.18945e-06 -0.000170063 -0.000199728
-0.00022299 -0.000321395 -0.000320783 -0.000131464 0.000296309 0.000910383 0.00151362 0.00178016 0.00135872 5.14888e-05 -0.00199637 -0.00420173 -0.00564138 -0.00537094 -0.00287723 0.00153122 0.00662016 0.0105475 0.0115477 0.0087226 0.0025714 -0.00503594 -0.0114984 -0.014498 -0.0129482 -0.00744266 4.73486e-18 0.00677662 0.0107344 0.0109437 0.00790271 0.00315141 -0.00146514 -0.00452523 -0.00545472 -0.0045364 -0.00259249 -0.000545975 0.000934098 0.00158765 0.00151836 0.00102968 0.00044545 -1.04606e-05 -0.000251337 -0.000299827 -0.000232121
-0.000235138 -0.000238386 -9.92346e-05 0.000227188 0.000709007 0.00119737 0.0014304 0.00110895 4.26857e-05 -0.00168111 -0.00359393 -0.00490131 -0.00473984 -0.00257913 0.00139419 0.00612264 0.00990842 0.0110188 0.00845423 0.00253153 -0.00503594 -0.0116794 -0.0149583 -0.0135696 -0.00792267 2.5598e-18 0.00744266 0.0119751 0.0124008 0.00909596 0.00368437 -0.00173989 -0.00545846 -0.00668327 -0.00564565 -0.00327721 -0.000701045 0.00121829 0.00210329 0.00204317 0.0014074 0.000618446 -1.47518e-05 -0.000360024 -0.000436246 -0.000343052 -0.000190827
-0.000171703 -7.26016e-05 0.000168832 0.000535187 0.000918056 0.00111399 0.000877253 3.4299e-05 -0.00137208 -0.00297948 -0.00412732 -0.0040542 -0.00224079 0.00123037 0.0054883 0.00902172 0.0101908 0.00794202 0.0024156 -0.004881 -0.0114984 -0.0149583 -0.0137832 -0.00817416 1.34133e-18 0.00792267 0.0129482 0.0136196 0.0101473 0.00417494 -0.0020026 -0.00638159 -0.00793658 -0.00680995 -0.00401533 -0.000872465 0.00154007 0.00270068 0.0026648 0.00186451 0.00083221 -2.01633e-05 -0.000499844 -0.000615206 -0.0004914 -0.000277651 -8.4894e-05
-5.14822e-05 0.000121605 0.000391551 0.000682241 0.000840887 0.000672613 2.67121e-05 -0.00108541 -0.00239408 -0.00336862 -0.00336105 -0.00188693 0.00105239 0.00476832 0.00796164 0.00913494 0.00723129 0.00223407 -0.00458528 -0.0109718 -0.014498 -0.0135696 -0.00817416 0 0.00817416 0.0135696 0.014498 0.0109718 0.00458528 -0.00223407 -0.00723129 -0.00913494 -0.00796164 -0.00476832 -0.00105239 0.00188693 0.00336105 0.00336862 0.00239408 0.00108541 -2.67121e-05 -0.000672613 -0.000840887 -0.000682241 -0.000391551 -0.000121605 5.14822e-05
8.4894e-05 0.000277651 0.0004914 0.000615206 0.000499844 2.01633e-05 -0.00083221 -0.00186451 -0.0026648 -0.00270068 -0.00154007 0.000872465 0.00401533 0.00680995 0.00793658 0.00638159 0.0020026 -0.00417494 -0.0101473 -0.0136196 -0.0129482 -0.00792267 -1.34133e-18 0.00817416 0.0137832 0.0149583 0.0114984 0.004881 -0.0024156 -0.00794202 -0.0101908 -0.00902172 -0.0054883 -0.00123037 0.00224079 0.0040542 0.00412732 0.00297948 0.00137208 -3.4299e-05 -0.000877253 -0.00111399 -0.000918056 -0.000535187 -0.000168832 7.26016e-05 0.000171703
0.000190827 0.000343052 0.000436246 0.000360024 1.47518e-05 -0.000618446 -0.0014074 -0.00204317 -0.00210329 -0.00121829 0.000701045 0.00327721 0.00564565 0.00668327 0.00545846 0.00173989 -0.00368437 -0.00909596 -0.0124008 -0.0119751 -0.00744266 -2.5598e-18 0.00792267 0.0135696 0.0149583 0.0116794 0.00503594 -0.00253153 -0.00845423 -0.0110188 -0.00990842 -0.00612264 -0.00139419 0.00257913 0.00473984 0.00490131 0.00359393 0.00168111 -4.26857e-05 -0.00110895 -0.0014304 -0.00119737 -0.000709007 -0.000227188 9.92346e-05 0.000238386 0.000235138
0.000232121 0.000299827 0.000251337 1.04606e-05 -0.00044545 -0.00102968 -0.00151836 -0.00158765 -0.000934098 0.000545975 0.00259249 0.0045364 0.00545472 0.00452523 0.00146514 -0.00315141 -0.00790271 -0.0109437 -0.0107344 -0.00677662 -4.73486e-18 0.00744266 0.0129482 0.014498 0.0114984 0.00503594 -0.0025714 -0.0087226 -0.0115477 -0.0105475 -0.00662016 -0.00153122 0.00287723 0.00537094 0.00564138 0.00420173 0.00199637 -5.14888e-05 -0.00135872 -0.00178016 -0.00151362 -0.000910383 -0.000296309 0.000131464 0.000320783 0.000321395 0.00022299
0.000199728 0.000170063 7.18945e-06 -0.000310974 -0.000730152 -0.00109363 -0.00116155 -0.000694163 0.000412123 0.00198773 0.00353295 0.00431504 0.00363612 0.00119581 -0.00261261 -0.00665475 -0.00936064 -0.00932621 -0.00598035 -4.2443e-18 0.00677662 0.0119751 0.0136196 0.0109718 0.004881 -0.00253153 -0.0087226 -0.0117295 -0.0108823 -0.00693786 -0.00162998 0.00311102 0.00589883 0.00629341 0.00476119 0.00229781 -6.01966e-05 -0.00161352 -0.00214728 -0.00185452 -0.00113299 -0.00037457 0.000168804 0.00041838 0.00042578 0.000300066 0.000144691
0.00011153 4.78921e-06 -0.000210416 -0.000501826 -0.000763478 -0.000823661 -0.000499987 0.000301516 0.00147716 0.00266681 0.00330846 0.00283181 0.000945964 -0.00209929 -0.00543145 -0.00776024 -0.00785345 -0.00511526 -3.68752e-18 0.00598035 0.0107344 0.0124008 0.0101473 0.00458528 -0.0024156 -0.00845423 -0.0115477 -0.0108823 -0.00704712 -0.00168172 0.00326032 0.00627927 0.0068048 0.00522914 0.00256339 -6.82116e-05 -0.00185714 -0.00251042 -0.0022023 -0.00136665 -0.000458932 0.00021008 0.000528882 0.000546712 0.00039136 0.000191684 3.24073e-05
3.09215e-06 -0.000137994 -0.000334288 -0.000516595 -0.000566093 -0.000349047 0.000213807 0.00106396 0.00195108 0.00245864 0.00213757 0.000725295 -0.00163493 -0.00429663 -0.00623553 -0.0064098 -0.0042407 -6.2104e-18 0.00511526 0.00932621 0.0109437 0.00909596 0.00417494 -0.00223407 -0.00794202 -0.0110188 -0.0105475 -0.00693786 -0.00168172 0.00331167 0.00647859 0.00713137 0.00556639 0.00277168 -7.49158e-05 -0.00207179 -0.00284468 -0.00253483 -0.00159777 -0.000544996 0.000253404 0.000648 0.000680394 0.000494725 0.000246127 4.22671e-05 -7.32225e-05
-8.77143e-05 -0.000215833 -0.000338791 -0.000377099 -0.000236177 0.000146947 0.000742761 0.00138352 0.00177089 0.00156388 0.000538994 -0.00123411 -0.00329434 -0.00485623 -0.00507057 -0.0034075 -5.06878e-18 0.0042407 0.00785345 0.00936064 0.00790271 0.00368437 -0.0020026 -0.00723129 -0.0101908 -0.00990842 -0.00662016 -0.00162998 0.00326032 0.00647859 0.00724367 0.00574309 0.0029047 -7.97475e-05 -0.00224014 -0.00312427 -0.00282781 -0.00181051 -0.000627286 0.00029626 0.000769519 0.000820712 0.00060615 0.00030631 5.34306e-05 -9.40195e-05 -0.000139285
-0.000135065 -0.000215349 -0.000243474 -0.000154889 9.78878e-05 0.000502577 0.000950882 0.00123628 0.00110895 0.000388223 -0.000902895 -0.00244814 -0.00366568 -0.00388774 -0.00265376 -4.00973e-18 0.0034075 0.0064098 0.00776024 0.00665475 0.00315141 -0.00173989 -0.00638159 -0.00913494 -0.00902172 -0.00612264 -0.00153122 0.00311102 0.00627927 0.00713137 0.00574309 0.00295044 -8.22789e-05 -0.00234765 -0.00332577 -0.00305759 -0.00198846 -0.000699788 0.000335706 0.000885711 0.00095951 0.00071982 0.000369481 6.54645e-05 -0.000117009 -0.000176072 -0.000151692
-0.000132673 -0.000152362 -9.84532e-05 6.32011e-05 0.000329598 0.000633424 0.000836509 0.000762172 0.000271023 -0.000640248 -0.00176333 -0.00268187 -0.00288912 -0.00200316 -3.07437e-18 0.00265376 0.00507057 0.00623553 0.00543145 0.00261261 -0.00146514 -0.00545846 -0.00793658 -0.00796164 -0.0054883 -0.00139419 0.00287723 0.00589883 0.0068048 0.00556639 0.0029047 -8.22789e-05 -0.00238462 -0.00343134 -0.00320433 -0.0021167 -0.000756652 0.000368701 0.000988082 0.00108727 0.000828508 0.000431967 7.7741e-05 -0.00014114 -0.000215728 -0.000188784 -0.000117253
-9.24122e-05 -6.06553e-05 3.95503e-05 0.000209505 0.000408969 0.000548596 0.000507716 0.000183383 -0.000440036 -0.001231 -0.00190173 -0.00208096 -0.00146555 -2.28468e-18 0.00200316 0.00388774 0.00485623 0.00429663 0.00209929 -0.00119581 -0.00452523 -0.00668327 -0.00680995 -0.00476832 -0.00123037 0.00257913 0.00537094 0.00629341 0.00522914 0.00277168 -7.97475e-05 -0.00234765 -0.00343134 -0.00325479 -0.0021839 -0.000792964 0.00039248 0.00106837 0.00119413 0.000924268 0.000489482 8.94794e-05 -0.000165009 -0.000256184 -0.000227717 -0.000143661 -5.72711e-05
-3.62189e-05 2.39884e-05 0.000129072 0.000255926 0.000348709 0.000327806 0.000120266 -0.000293127 -0.000832939 -0.00130704 -0.00145274 -0.00103923 -3.29118e-18 0.00146555 0.00288912 0.00366568 0.00329434 0.00163493 -0.000945964 -0.00363612 -0.00545472 -0.00564565 -0.00401533 -0.00105239 0.00224079 0.00473984 0.00564138 0.00476119 0.00256339 -7.49158e-05 -0.00224014 -0.00332577 -0.00320433 -0.0021839 -0.000805451 0.000404939 0.00111964 0.00127114 0.000999372 0.000537591 9.98215e-05 -0.00018698 -0.000294865 -0.000266229 -0.000170602 -6.90821e-05 3.18297e-06
1.41021e-05 7.70727e-05 0.000155227 0.000214833 0.000205136 7.64456e-05 -0.000189257 -0.000546255 -0.000870675 -0.000982975 -0.00071425 -2.29762e-18 0.00103923 0.00208096 0.00268187 0.00244814 0.00123411 -0.000725295 -0.00283181 -0.00431504 -0.0045364 -0.00327721 -0.000872465 0.00188693 0.0040542 0.00490131 0.00420173 0.00229781 -6.82116e-05 -0.00207179 -0.00312427 -0.00305759 -0.0021167 -0.000792964 0.000404939 0.00113728 0.00131149 0.00104733 0.000572263 0.000107933 -0.000205357 -0.000328946 -0.000301676 -0.000196362 -8.07651e-05 3.77988e-06 4.5131e-05
4.46063e-05 9.12534e-05 0.000128283 0.000124421 4.70967e-05 -0.000118434 -0.000347221 -0.00056215 -0.000644651 -0.000475793 -1.55465e-18 0.00071425 0.00145274 0.00190173 0.00176333 0.000902895 -0.000538994 -0.00213757 -0.00330846 -0.00353295 -0.00259249 -0.000701045 0.00154007 0.00336105 0.00412732 0.00359393 0.00199637 -6.01966e-05 -0.00185714 -0.00284468 -0.00282781 -0.00198846 -0.000756652 0.00039248 0.00111964 0.00131149 0.00106383 0.000590429 0.000113113 -0.000218602 -0.000355676 -0.000331327 -0.000219057 -9.15189e-05 4.35061e-06 5.27634e-05 6.09012e-05
5.19946e-05 7.42444e-05 7.31434e-05 2.81228e-05 -7.18338e-05 -0.000213917 -0.000351784 -0.000409765 -0.000307195 -1.01956e-18 0.000475793 0.000982975 0.00130704 0.001231 0.000640248 -0.000388223 -0.00156388 -0.00245864 -0.00266681 -0.00198773 -0.000545975 0.00121829 0.00270068 0.00336862 0.00297948 0.00168111 -5.14888e-05 -0.00161352 -0.00251042 -0.00253483 -0.00181051 -0.000699788 0.000368701 0.00106837 0.00127114 0.00104733 0.000590429 0.000114894 -0.000225541 -0.000372745 -0.000352695 -0.000236857 -0.000100514 4.85346e-06 5.97888e-05 7.00968e-05 5.37505e-05
4.16473e-05 4.16759e-05 1.62762e-05 -4.22289e-05 -0.000127735 -0.000213368 -0.000252449 -0.000192238 -6.48073e-19 0.000307195 0.000644651 0.000870675 0.000832939 0.000440036 -0.000271023 -0.00110895 -0.00177089 -0.00195108 -0.00147716 -0.000412123 0.000934098 0.00210329 0.0026648 0.00239408 0.00137208 -4.26857e-05 -0.00135872 -0.00214728 -0.0022023 -0.00159777 -0.000627286 0.000335706 0.000988082 0.00119413 0.000999372 0.000572263 0.000113113 -0.000225541 -0.000378615 -0.000363891 -0.000248224 -0.000106996 5.24784e-06 6.56652e-05 7.81987e-05 6.09073e-05 3.35056e-05
2.30156e-05 9.13012e-06 -2.40613e-05 -7.39276e-05 -0.000125433 -0.000150744 -0.000116598 -3.99266e-19 0.000192238 0.000409765 0.00056215 0.000546255 0.000293127 -0.000183383 -0.000762172 -0.00123628 -0.00138352 -0.00106396 -0.000301516 0.000694163 0.00158765 0.00204317 0.00186451 0.00108541 -3.4299e-05 -0.00110895 -0.00178016 -0.00185452 -0.00136665 -0.000544996 0.00029626 0.000885711 0.00108727 0.000924268 0.000537591 0.000107933 -0.000218602 -0.000372745 -0.000363891 -0.000252133 -0.000110393 5.49969e-06 6.99002e-05 8.45529e-05 6.68936e-05 3.73782e-05 1.10566e-05
4.96396e-06 -1.32879e-05 -4.14696e-05 -7.14693e-05 -8.7244e-05 -6.85445e-05 -2.38413e-19 0.000116598 0.000252449 0.000351784 0.000347221 0.000189257 -0.000120266 -0.000507716 -0.000836509 -0.000950882 -0.000742761 -0.000213807 0.000499987 0.00116155 0.00151836 0.0014074 0.00083221 -2.67121e-05 -0.000877253 -0.0014304 -0.00151362 -0.00113299 -0.000458932 0.000253404 0.000769519 0.00095951 0.000828508 0.000489482 9.98215e-05 -0.000205357 -0.000355676 -0.000352695 -0.000248224 -0.000110393 5.58629e-06 7.21191e-05 8.86107e-05 7.12078e-05 4.04155e-05 1.21433e-05 -5.8025e-06
-7.11252e-06 -2.25466e-05 -3.94691e-05 -4.89394e-05 -3.90555e-05 -1.37983e-19 6.85445e-05 0.000150744 0.000213368 0.000213917 0.000118434 -7.64456e-05 -0.000327806 -0.000548596 -0.000633424 -0.000502577 -0.000146947 0.000349047 0.000823661 0.00109363 0.00102968 0.000618446 -2.01633e-05 -0.000672613 -0.00111399 -0.00119737 -0.000910383 -0.00037457 0.00021008 0.000648 0.000820712 0.00071982 0.000431967 8.94794e-05 -0.00018698 -0.000328946 -0.000331327 -0.000236857 -0.000106996 5.49969e-06 7.21191e-05 9.00061e-05 7.34682e-05 4.23551e-05 1.29265e-05 -6.274e-06 -1.40016e-05
-1.18812e-05 -2.11263e-05 -2.66079e-05 -2.15685e-05 -7.74012e-20 3.90555e-05 8.7244e-05 0.000125433 0.000127735 7.18338e-05 -4.70967e-05 -0.000205136 -0.000348709 -0.000408969 -0.000329598 -9.78878e-05 0.000236177 0.000566093 0.000763478 0.000730152 0.00044545 -1.47518e-05 -0.000499844 -0.000840887 -0.000918056 -0.000709007 -0.000296309 0.000168804 0.000528882 0.000680394 0.00060615 0.000369481 7.7741e-05 -0.000165009 -0.000294865 -0.000301676 -0.000219057 -0.000100514 5.24784e-06 6.99002e-05 8.86107e-05 7.34682e-05 4.30221e-05 1.33368e-05 -6.5751e-06 -1.49047e-05 -1.45152e-05
-1.09602e-05 -1.40214e-05 -1.15448e-05 -4.20823e-20 2.15685e-05 4.89394e-05 7.14693e-05 7.39276e-05 4.22289e-05 -2.81228e-05 -0.000124421 -0.000214833 -0.000255926 -0.000209505 -6.32011e-05 0.000154889 0.000377099 0.000516595 0.000501826 0.000310974 -1.04606e-05 -0.000360024 -0.000615206 -0.000682241 -0.000535187 -0.000227188 0.000131464 0.00041838 0.000546712 0.000494725 0.00030631 6.54645e-05 -0.00014114 -0.000256184 -0.000266229 -0.000196362 -9.15189e-05 4.85346e-06 6.56652e-05 8.45529e-05 7.12078e-05 4.23551e-05 1.33368e-05 -6.67864e-06 -1.53778e-05 -1.52118e-05 -1.04562e-05
-7.16142e-06 -5.98935e-06 -2.21758e-20 1.15448e-05 2.66079e-05 3.94691e-05 4.14696e-05 2.40613e-05 -1.62762e-05 -7.31434e-05 -0.000128283 -0.000155227 -0.000129072 -3.95503e-05 9.84532e-05 0.000243474 0.000338791 0.000334288 0.000210416 -7.18945e-06 -0.000251337 -0.000436246 -0.0004914 -0.000391551 -0.000168832 9.92346e-05 0.000320783 0.00042578 0.00039136 0.000246127 5.34306e-05 -0.000117009 -0.000215728 -0.000227717 -0.000170602 -8.07651e-05 4.35061e-06 5.97888e-05 7.81987e-05 6.68936e-05 4.04155e-05 1.29265e-05 -6.5751e-06 -1.53778e-05 -1.54514e-05 -1.07881e-05 -5.12984e-06
-3.01164e-06 -2.26526e-20 5.98935e-06 1.40214e-05 2.11263e-05 2.25466e-05 1.32879e-05 -9.13012e-06 -4.16759e-05 -7.42444e-05 -9.12534e-05 -7.70727e-05 -2.39884e-05 6.06553e-05 0.000152362 0.000215349 0.000215833 0.000137994 -4.78921e-06 -0.000170063 -0.000299827 -0.000343052 -0.000277651 -0.000121605 7.26016e-05 0.000238386 0.000321395 0.000300066 0.000191684 4.22671e-05 -9.40195e-05 -0.000176072 -0.000188784 -0.000143661 -6.90821e-05 3.77988e-06 5.27634e-05 7.00968e-05 6.09073e-05 3.73782e-05 1.21433e-05 -6.274e-06 -1.49047e-05 -1.52118e-05 -1.07881e-05 -5.21062e-06 -8.05689e-07
0 3.01164e-06 7.16142e-06 1.09602e-05 1.18812e-05 7.11252e-06 -4.96396e-06 -2.30156e-05 -4.16473e-05 -5.19946e-05 -4.46063e-05 -1.41021e-05 3.62189e-05 9.24122e-05 0.000132673 0.000135065 8.77143e-05 -3.09215e-06 -0.00011153 -0.000199728 -0.000232121 -0.000190827 -8.4894e-05 5.14822e-05 0.000171703 0.000235138 0.00022299 0.000144691 3.24073e-05 -7.32225e-05 -0.000139285 -0.000151692 -0.000117253 -5.72711e-05 3.18297e-06 4.5131e-05 6.09012e-05 5.37505e-05 3.35056e-05 1.10566e-05 -5.8025e-06 -1.40016e-05 -1.45152e-05 -1.04562e-05 -5.12984e-06 -8.05689e-07 1.61609e-06

