-1.9495e-21 -2.29672e-07 -5.27673e-07 -8.81172e-07 -1.2646e-06 -1.6386e-06 -1.95059e-06 -2.13754e-06 -2.13109e-06 -1.8652e-06 -1.28575e-06 -3.61602e-07 9.04388e-07 2.46576e-06 4.22612e-06 6.03784e-06 7.70725e-06 9.00729e-06 9.69758e-06 9.55106e-06 8.38482e-06 6.09218e-06 2.67162e-06 -1.75158e-06 -6.91544e-06 -1.24267e-05 -1.7783e-05 -2.24131e-05 -2.57307e-05 -2.71992e-05 -2.64e-05 -2.30956e-05 -1.72793e-05 -9.20451e-06 6.13916e-07 1.14284e-05 2.23169e-05 3.22673e-05 4.02785e-05 4.5469e-05 4.71782e-05 4.50507e-05 3.90894e-05 2.96721e-05 1.75263e-05 3.66491e-06 -1.07118e-05 -2.43369e-05 -3.60062e-05 -4.47017e-05 -4.96952e-05 -5.06191e-05 -4.74975e-05 -4.07343e-05 -3.10612e-05 -1.94514e-05 -7.01154e-06 5.13613e-06 1.59664e-05 2.46474e-05 3.06097e-05 3.35831e-05 3.3598e-05 3.0956e-05 2.61738e-05 1.99099e-05 1.28846e-05 5.80107e-06 -7.21708e-07 -6.19965e-06 -1.03133e-05 -1.29166e-05 -1.40262e-05 -1.37952e-05 -1.24764e-05 -1.03811e-05 -7.83823e-06 -5.15849e-06 -2.60685e-06 -3.84521e-07 1.3788e-06 2.62382e-06 3.35319e-06 3.61826e-06 3.50344e-06 3.11034e-06 2.54354e-06 1.89929e-06 1.25765e-06 6.78214e-07 1.99076e-07 -1.61633e-07 -4.02447e-07 -5.34293e-07 -5.76007e-07
2.29672e-07 0 -3.2899e-07 -7.52909e-07 -1.2524e-06 -1.79036e-06 -2.31079e-06 -2.74004e-06 -2.99095e-06 -2.97031e-06 -2.58957e-06 -1.77813e-06 -4.98128e-07 1.24099e-06 3.37029e-06 5.7539e-06 8.18853e-06 1.04118e-05 1.21206e-05 1.29986e-05 1.27523e-05 1.11516e-05 8.07082e-06 3.52552e-06 -2.3024e-06 -9.05473e-06 -1.62074e-05 -2.3103e-05 -2.90047e-05 -3.31681e-05 -3.49244e-05 -3.37661e-05 -2.94245e-05 -2.19286e-05 -1.16356e-05 7.73036e-07 1.43344e-05 2.78826e-05 4.01573e-05 4.9932e-05 5.61467e-05 5.80302e-05 5.51973e-05 4.77067e-05 3.60721e-05 2.12235e-05 4.42072e-06 -1.28706e-05 -2.91274e-05 -4.29257e-05 -5.30846e-05 -5.87845e-05 -5.96439e-05 -5.57475e-05 -4.76232e-05 -3.61727e-05 -2.25641e-05 -8.10182e-06 5.91165e-06 1.83056e-05 2.81482e-05 3.48211e-05 3.80547e-05 3.79231e-05 3.48048e-05 2.93132e-05 2.22111e-05 1.43178e-05 6.4212e-06 -7.95744e-07 -6.80898e-06 -1.12827e-05 -1.40757e-05 -1.52253e-05 -1.49162e-05 -1.34376e-05 -1.11373e-05 -8.37641e-06 -5.49118e-06 -2.76416e-06 -4.06135e-07 1.45063e-06 2.74973e-06 3.50041e-06 3.76239e-06 3.6288e-06 3.20907e-06 2.61405e-06 1.94434e-06 1.28246e-06 6.88894e-07 2.01422e-07 -1.62901e-07 -4.04022e-07 -5.34293e-07
5.27673e-07 3.2899e-07 -2.00006e-21 -4.6759e-07 -1.06593e-06 -1.76616e-06 -2.51496e-06 -3.23338e-06 -3.81906e-06 -4.15252e-06 -4.10779e-06 -3.56728e-06 -2.43993e-06 -6.8086e-07 1.68962e-06 4.5708e-06 7.77303e-06 1.10189e-05 1.3956e-05 1.61832e-05 1.72878e-05 1.68941e-05 1.47158e-05 1.06089e-05 4.61614e-06 -3.0029e-06 -1.17636e-05 -2.0974e-05 -2.9781e-05 -3.72428e-05 -4.24227e-05 -4.44949e-05 -4.28515e-05 -3.71961e-05 -2.76122e-05 -1.45943e-05 9.65825e-07 1.78395e-05 3.45651e-05 4.95876e-05 6.14174e-05 6.87924e-05 7.08229e-05 6.71029e-05 5.77705e-05 4.35113e-05 2.55006e-05 5.29091e-06 -1.5344e-05 -3.45897e-05 -5.07768e-05 -6.25489e-05 -6.8995e-05 -6.97308e-05 -6.49213e-05 -5.52439e-05 -4.17975e-05 -2.59711e-05 -9.28878e-06 6.75132e-06 2.08242e-05 3.18961e-05 3.93037e-05 4.2786e-05 4.24719e-05 3.88275e-05 3.25738e-05 2.45855e-05 1.57865e-05 7.05231e-06 -8.70546e-07 -7.42001e-06 -1.22473e-05 -1.52194e-05 -1.63983e-05 -1.60027e-05 -1.43603e-05 -1.18556e-05 -8.88188e-06 -5.79984e-06 -2.90815e-06 -4.25625e-07 1.51432e-06 2.85927e-06 3.62566e-06 3.88182e-06 3.7294e-06 3.28517e-06 2.66561e-06 1.97495e-06 1.29758e-06 6.94297e-07 2.02211e-07 -1.62901e-07 -4.02447e-07
8.81172e-07 7.52909e-07 4.6759e-07 -5.66315e-21 -6.59407e-07 -1.49734e-06 -2.47131e-06 -3.50535e-06 -4.4891e-06 -5.28157e-06 -5.72034e-06 -5.63666e-06 -4.8759e-06 -3.32198e-06 -9.23383e-07 2.28253e-06 6.15068e-06 1.0419e-05 1.47121e-05 1.85611e-05 2.14392e-05 2.28133e-05 2.22069e-05 1.92682e-05 1.38366e-05 5.99711e-06 -3.88604e-06 -1.51638e-05 -2.69311e-05 -3.80905e-05 -4.74486e-05 -5.38372e-05 -5.62468e-05 -5.39581e-05 -4.66543e-05 -3.44985e-05 -1.81629e-05 1.1973e-06 2.20288e-05 4.25158e-05 6.07561e-05 7.49568e-05 8.36302e-05 8.57631e-05 8.09415e-05 6.94128e-05 5.20762e-05 3.04012e-05 6.28312e-06 -1.81504e-05 -4.07566e-05 -5.95965e-05 -7.31271e-05 -8.03489e-05 -8.08891e-05 -7.50165e-05 -6.35854e-05 -4.7921e-05 -2.96599e-05 -1.05668e-05 7.65025e-06 2.35049e-05 3.58618e-05 4.40181e-05 4.77312e-05 4.71961e-05 4.29782e-05 3.59153e-05 2.70019e-05 1.72705e-05 7.68517e-06 -9.44969e-07 -8.02294e-06 -1.31909e-05 -1.63281e-05 -1.75242e-05 -1.70348e-05 -1.52268e-05 -1.2522e-05 -9.34456e-06 -6.07818e-06 -3.03584e-06 -4.42581e-07 1.5685e-06 2.95003e-06 3.72617e-06 3.97388e-06 3.80295e-06 3.33691e-06 2.69703e-06 1.99044e-06 1.30266e-06 6.94297e-07 2.01422e-07 -1.61633e-07
1.2646e-06 1.2524e-06 1.06593e-06 6.59407e-07 -3.97759e-21 -9.22676e-07 -2.08699e-06 -3.43107e-06 -4.84772e-06 -6.184e-06 -7.24731e-06 -7.81878e-06 -7.67436e-06 -6.6127e-06 -4.48771e-06 -1.24255e-06 3.05951e-06 8.21223e-06 1.38569e-05 1.94904e-05 2.44936e-05 2.81813e-05 2.98707e-05 2.89632e-05 2.50325e-05 1.79059e-05 7.73058e-06 -4.98978e-06 -1.93948e-05 -3.43111e-05 -4.83393e-05 -5.99806e-05 -6.77913e-05 -7.05493e-05 -6.74148e-05 -5.80623e-05 -4.27667e-05 -2.24282e-05 1.47271e-06 2.69902e-05 5.18884e-05 7.38606e-05 9.07691e-05 0.000100877 0.000103047 9.68743e-05 8.27524e-05 6.1842e-05 3.59616e-05 7.40332e-06 -2.1303e-05 -4.76493e-05 -6.94037e-05 -8.48289e-05 -9.28429e-05 -9.31028e-05 -8.60068e-05 -7.26168e-05 -5.45142e-05 -3.36091e-05 -1.1927e-05 8.60141e-06 2.63242e-05 4.00067e-05 4.89142e-05 5.28337e-05 5.20376e-05 4.72023e-05 3.92915e-05 2.9425e-05 1.8747e-05 8.30966e-06 -1.01777e-06 -8.60736e-06 -1.40966e-05 -1.73812e-05 -1.85817e-05 -1.79923e-05 -1.602e-05 -1.3123e-05 -9.75483e-06 -6.32031e-06 -3.14446e-06 -4.56629e-07 1.61198e-06 3.01999e-06 3.79966e-06 4.03646e-06 3.84778e-06 3.36308e-06 2.70759e-06 1.99044e-06 1.29758e-06 6.88894e-07 1.99076e-07
1.6386e-06 1.79036e-06 1.76616e-06 1.49734e-06 9.22676e-07 -5.54396e-21 -1.28101e-06 -2.8862e-06 -4.7265e-06 -6.65198e-06 -8.45253e-06 -9.86728e-06 -1.06038e-05 -1.03674e-05 -8.89836e-06 -6.01533e-06 -1.65902e-06 4.06905e-06 1.08794e-05 1.82859e-05 2.56196e-05 3.20707e-05 3.67554e-05 3.88068e-05 3.74812e-05 3.22681e-05 2.29916e-05 9.88757e-06 -6.35714e-06 -2.46133e-05 -4.33733e-05 -6.08684e-05 -7.52326e-05 -8.46978e-05 -8.78e-05 -8.3572e-05 -7.16973e-05 -5.26039e-05 -2.74796e-05 1.79736e-06 3.28118e-05 6.28343e-05 8.90929e-05 0.000109062 0.000120734 0.00012285 0.000115041 9.78877e-05 7.28677e-05 4.2208e-05 8.65536e-06 -2.48087e-05 -5.52742e-05 -8.01958e-05 -9.76375e-05 -0.000106445 -0.000106327 -9.78399e-05 -8.22856e-05 -6.15318e-05 -3.77877e-05 -1.33576e-05 9.59556e-06 2.92523e-05 4.42834e-05 5.3932e-05 5.80264e-05 5.69293e-05 5.14381e-05 4.26505e-05 3.1816e-05 2.01913e-05 8.91496e-06 -1.08765e-06 -9.16249e-06 -1.49472e-05 -1.83582e-05 -1.95497e-05 -1.88558e-05 -1.67234e-05 -1.36457e-05 -1.01039e-05 -6.52094e-06 -3.23163e-06 -4.67458e-07 1.64377e-06 3.06755e-06 3.84445e-06 4.06812e-06 3.86284e-06 3.36308e-06 2.69703e-06 1.97495e-06 1.28246e-06 6.78214e-07
1.95059e-06 2.31079e-06 2.51496e-06 2.47131e-06 2.08699e-06 1.28101e-06 -1.5334e-20 -1.76466e-06 -3.9604e-06 -6.46036e-06 -9.05673e-06 -1.14633e-05 -1.33298e-05 -1.4269e-05 -1.38965e-05 -1.18809e-05 -8.00021e-06 -2.19784e-06 5.3696e-06 1.43008e-05 2.39426e-05 3.34143e-05 4.1665e-05 4.7565e-05 5.00239e-05 4.81268e-05 4.12716e-05 2.92921e-05 1.2548e-05 -8.03618e-06 -3.09928e-05 -5.44023e-05 -7.60484e-05 -9.36285e-05 -0.000104997 -0.000108419 -0.000102795 -8.78454e-05 -6.42004e-05 -3.34067e-05 2.17652e-06 3.95786e-05 7.54971e-05 0.00010663 0.000130021 0.000143376 0.000145319 0.000135552 0.00011489 8.51909e-05 4.91537e-05 1.00404e-05 -2.86663e-05 -6.36202e-05 -9.1945e-05 -0.000111506 -0.00012109 -0.000120484 -0.000110435 -9.25162e-05 -6.89124e-05 -4.21552e-05 -1.48434e-05 1.06213e-05 3.22531e-05 4.86358e-05 5.90018e-05 6.32336e-05 6.17962e-05 5.56179e-05 4.59364e-05 3.41336e-05 2.15776e-05 9.48993e-06 -1.15329e-06 -9.67752e-06 -1.57258e-05 -1.92392e-05 -2.0408e-05 -1.96069e-05 -1.73218e-05 -1.40789e-05 -1.0384e-05 -6.67558e-06 -3.29537e-06 -4.7482e-07 1.66315e-06 3.09161e-06 3.85949e-06 4.06812e-06 3.84778e-06 3.33691e-06 2.66561e-06 1.94434e-06 1.25765e-06
2.13754e-06 2.74004e-06 3.23338e-06 3.50535e-06 3.43107e-06 2.8862e-06 1.76466e-06 -1.05206e-20 -2.41201e-06 -5.39212e-06 -8.76155e-06 -1.22349e-05 -1.54256e-05 -1.78673e-05 -1.90516e-05 -1.84819e-05 -1.57396e-05 -1.05572e-05 -2.88901e-06 7.03069e-06 1.86517e-05 3.11053e-05 4.32413e-05 5.37083e-05 6.10746e-05 6.39816e-05 6.13151e-05 5.23763e-05 3.70287e-05 1.58003e-05 -1.00796e-05 -3.87222e-05 -6.77048e-05 -9.42748e-05 -0.000115616 -0.000129149 -0.000132837 -0.000125456 -0.000106793 -7.77435e-05 -4.02962e-05 2.61515e-06 4.73693e-05 9.0006e-05 0.000126626 0.000153801 0.000168938 0.00017056 0.000158476 0.000133797 9.88232e-05 5.6797e-05 1.15564e-05 -3.28661e-05 -7.26565e-05 -0.000104595 -0.000126352 -0.000136678 -0.000135464 -0.000123681 -0.000103209 -7.65776e-05 -4.66616e-05 -1.63661e-05 1.16652e-05 3.5285e-05 5.30002e-05 6.40459e-05 6.83718e-05 6.65571e-05 5.96693e-05 4.90904e-05 3.6335e-05 2.28797e-05 1.00234e-05 -1.21336e-06 -1.0142e-05 -1.64163e-05 -2.00056e-05 -2.11382e-05 -2.02293e-05 -1.7802e-05 -1.44128e-05 -1.05888e-05 -6.7807e-06 -3.33421e-06 -4.78544e-07 1.66966e-06 3.09161e-06 3.84445e-06 4.03646e-06 3.80295e-06 3.28517e-06 2.61405e-06 1.89929e-06
2.13109e-06 2.99095e-06 3.81906e-06 4.4891e-06 4.84772e-06 4.7265e-06 3.9604e-06 2.41201e-06 -1.43239e-20 -3.27117e-06 -7.28429e-06 -1.179e-05 -1.63996e-05 -2.05959e-05 -2.3763e-05 -2.52393e-05 -2.43891e-05 -2.06893e-05 -1.38231e-05 -3.76798e-06 9.134e-06 2.41371e-05 4.00963e-05 5.55229e-05 6.8694e-05 7.78111e-05 8.11969e-05 7.75096e-05 6.59518e-05 4.64444e-05 1.97407e-05 -1.25443e-05 -4.80026e-05 -8.36043e-05 -0.00011596 -0.000141655 -0.000157619 -0.000161489 -0.000151922 -0.000128817 -9.3411e-05 -4.82282e-05 3.11772e-06 5.62525e-05 0.000106468 0.000149202 0.000180516 0.000197508 0.000198628 0.000183835 0.000154602 0.000113745 6.51181e-05 1.31978e-05 -3.7388e-05 -8.23306e-05 -0.00011806 -0.000142062 -0.000153072 -0.000151121 -0.000137438 -0.000114242 -8.44332e-05 -5.12477e-05 -1.79046e-05 1.27121e-05 3.83015e-05 5.73069e-05 6.89801e-05 7.33523e-05 7.1127e-05 6.35176e-05 5.20527e-05 3.83774e-05 2.40716e-05 1.05044e-05 -1.26664e-06 -1.0546e-05 -1.70037e-05 -2.06406e-05 -2.17242e-05 -2.0709e-05 -1.81531e-05 -1.46397e-05 -1.07136e-05 -6.83389e-06 -3.34726e-06 -4.78544e-07 1.66315e-06 3.06755e-06 3.79966e-06 3.97388e-06 3.7294e-06 3.20907e-06 2.54354e-06
1.8652e-06 2.97031e-06 4.15252e-06 5.28157e-06 6.184e-06 6.65198e-06 6.46036e-06 5.39212e-06 3.27117e-06 -1.93503e-20 -4.40184e-06 -9.76387e-06 -1.57417e-05 -2.1811e-05 -2.72851e-05 -3.13581e-05 -3.31765e-05 -3.19338e-05 -2.69839e-05 -1.79585e-05 -4.87613e-06 1.17742e-05 3.09926e-05 5.1284e-05 7.07381e-05 8.71772e-05 9.83624e-05 0.000102242 9.72188e-05 8.23995e-05 5.7801e-05 2.4472e-05 -1.54901e-05 -5.90443e-05 -0.000102434 -0.000141523 -0.000172209 -0.000190869 -0.000194793 -0.000182538 -0.000154173 -0.000111362 -5.72724e-05 3.68795e-06 6.62816e-05 0.000124961 0.000174435 0.000210222 0.000229114 0.000229514 0.000211593 0.000177252 0.000129901 7.40773e-05 1.49551e-05 -4.22009e-05 -9.25668e-05 -0.000132221 -0.000158481 -0.000170099 -0.000167275 -0.000151537 -0.000125471 -9.23702e-05 -5.58466e-05 -1.94353e-05 1.3745e-05 4.12523e-05 6.14814e-05 7.37164e-05 7.80831e-05 7.54191e-05 6.7088e-05 5.47643e-05 4.02192e-05 2.51285e-05 1.09228e-05 -1.31196e-06 -1.08807e-05 -1.7475e-05 -2.11301e-05 -2.21527e-05 -2.10352e-05 -1.83671e-05 -1.47545e-05 -1.07555e-05 -6.83389e-06 -3.33421e-06 -4.7482e-07 1.64377e-06 3.01999e-06 3.72617e-06 3.88182e-06 3.6288e-06 3.11034e-06
1.28575e-06 2.58957e-06 4.10779e-06 5.72034e-06 7.24731e-06 8.45253e-06 9.05673e-06 8.76155e-06 7.28429e-06 4.40184e-06 -2.59372e-20 -5.87723e-06 -1.29857e-05 -2.08543e-05 -2.87822e-05 -3.58656e-05 -4.10588e-05 -4.32703e-05 -4.14872e-05 -3.49198e-05 -2.31494e-05 -6.26107e-06 1.50594e-05 3.94857e-05 6.50827e-05 8.94213e-05 0.000109773 0.000123374 0.000127741 0.000120991 0.000102148 7.13747e-05 3.0101e-05 -1.89789e-05 -7.20605e-05 -0.000124528 -0.000171378 -0.000207724 -0.000229335 -0.000233136 -0.000217618 -0.000183086 -0.000131731 -6.74834e-05 4.32853e-06 7.74911e-05 0.000145525 0.000202349 0.000242911 0.000263708 0.000263139 0.000241647 0.000201639 0.000147197 8.36133e-05 1.68145e-05 -4.72628e-05 -0.000103266 -0.000146928 -0.000175423 -0.000187548 -0.000183716 -0.000165782 -0.00013673 -0.000100267 -6.03846e-05 -2.09326e-05 1.47462e-05 4.40848e-05 6.54466e-05 7.81647e-05 8.24722e-05 7.93479e-05 7.03076e-05 5.71687e-05 4.18213e-05 2.60276e-05 1.12696e-05 -1.34833e-06 -1.11388e-05 -1.78197e-05 -2.14629e-05 -2.24138e-05 -2.12001e-05 -1.84389e-05 -1.47545e-05 -1.07136e-05 -6.7807e-06 -3.29537e-06 -4.67458e-07 1.61198e-06 2.95003e-06 3.62566e-06 3.76239e-06 3.50344e-06
3.61602e-07 1.77813e-06 3.56728e-06 5.63666e-06 7.81878e-06 9.86728e-06 1.14633e-05 1.22349e-05 1.179e-05 9.76387e-06 5.87723e-06 -3.44956e-20 -7.78606e-06 -1.71361e-05 -2.74125e-05 -3.7686e-05 -4.67775e-05 -5.3342e-05 -5.59959e-05 -5.34791e-05 -4.48379e-05 -2.96085e-05 -7.97681e-06 1.91114e-05 4.99145e-05 8.19516e-05 0.000112159 0.000137149 0.000153542 0.000158356 0.000149404 0.000125644 8.74501e-05 3.67368e-05 -2.30725e-05 -8.72618e-05 -0.00015021 -0.000205915 -0.000248613 -0.000273408 -0.000276856 -0.00025742 -0.000215728 -0.000154611 -7.8896e-05 5.04083e-06 8.98912e-05 0.000168153 0.000232902 0.000278498 0.000301164 0.000299343 0.000273822 0.000227596 0.000165498 9.36424e-05 1.87579e-05 -5.25199e-05 -0.000114305 -0.000162 -0.000192664 -0.000205178 -0.000200202 -0.000179955 -0.00014784 -0.000107992 -6.47832e-05 -2.23698e-05 1.56973e-05 4.6745e-05 6.91254e-05 8.22365e-05 8.64301e-05 8.28317e-05 7.31083e-05 5.92143e-05 4.31489e-05 2.67491e-05 1.15368e-05 -1.37492e-06 -1.13142e-05 -1.80298e-05 -2.16312e-05 -2.25015e-05 -2.12001e-05 -1.83671e-05 -1.46397e-05 -1.05888e-05 -6.67558e-06 -3.23163e-06 -4.56629e-07 1.5685e-06 2.85927e-06 3.50041e-06 3.61826e-06
-9.04388e-07 4.98128e-07 2.43993e-06 4.8759e-06 7.67436e-06 1.06038e-05 1.33298e-05 1.54256e-05 1.63996e-05 1.57417e-05 1.29857e-05 7.78606e-06 -4.55211e-20 -1.02346e-05 -2.24372e-05 -3.57526e-05 -4.89602e-05 -6.05346e-05 -6.87606e-05 -7.19002e-05 -6.84008e-05 -5.7125e-05 -3.75751e-05 -1.00836e-05 2.40649e-05 6.26069e-05 0.00010239 0.000139585 0.000170019 0.000189599 0.000194781 0.000183053 0.000153342 0.000106312 4.44864e-05 -2.78307e-05 -0.000104847 -0.000179777 -0.000245487 -0.000295235 -0.000323414 -0.000326217 -0.000302132 -0.000252211 -0.000180054 -9.1521e-05 5.82467e-06 0.000103464 0.000192789 0.000265982 0.000316815 0.000341264 0.000337877 0.000307866 0.000254895 0.000184626 0.000104058 2.07631e-05 -5.79076e-05 -0.000125539 -0.000177229 -0.000209954 -0.000222719 -0.00021647 -0.000193819 -0.00015861 -0.000115406 -6.89613e-05 -2.37197e-05 1.65796e-05 4.91801e-05 7.24428e-05 8.58472e-05 8.98731e-05 8.57955e-05 7.5429e-05 6.08558e-05 4.41721e-05 2.72767e-05 1.17185e-05 -1.39113e-06 -1.14029e-05 -1.81003e-05 -2.16312e-05 -2.24138e-05 -2.10352e-05 -1.81531e-05 -1.44128e-05 -1.0384e-05 -6.52094e-06 -3.14446e-06 -4.42581e-07 1.51432e-06 2.74973e-06 3.35319e-06
-2.46576e-06 -1.24099e-06 6.8086e-07 3.32198e-06 6.6127e-06 1.03674e-05 1.4269e-05 1.78673e-05 2.05959e-05 2.1811e-05 2.08543e-05 1.71361e-05 1.02346e-05 -5.96031e-20 -1.33484e-05 -2.91495e-05 -4.62673e-05 -6.31122e-05 -7.7728e-05 -8.79461e-05 -9.16032e-05 -8.68052e-05 -7.22128e-05 -4.73142e-05 -1.26477e-05 3.00664e-05 7.79155e-05 0.000126929 0.000172364 0.000209127 0.000232301 0.00023772 0.000222536 0.00018569 0.000128237 5.34517e-05 -3.3309e-05 -0.000124997 -0.000213491 -0.000290387 -0.000347872 -0.000379589 -0.000381386 -0.000351851 -0.00029257 -0.000208052 -0.00010534 6.67802e-06 0.00011816 0.000219313 0.000301397 0.000357599 0.000383693 0.000378405 0.000343449 0.000283248 0.000204362 0.000114733 2.28038e-05 -6.33511e-05 -0.000136805 -0.00019238 -0.000227014 -0.000239877 -0.000232239 -0.000207127 -0.000168839 -0.000122371 -7.28377e-05 -2.49554e-05 1.73753e-05 5.13394e-05 7.53285e-05 8.89189e-05 9.2726e-05 8.81739e-05 7.72178e-05 6.20561e-05 4.48677e-05 2.75982e-05 1.18104e-05 -1.39657e-06 -1.14029e-05 -1.80298e-05 -2.14629e-05 -2.21527e-05 -2.0709e-05 -1.7802e-05 -1.40789e-05 -1.01039e-05 -6.32031e-06 -3.03584e-06 -4.25625e-07 1.45063e-06 2.62382e-06
-4.22612e-06 -3.37029e-06 -1.68962e-06 9.23383e-07 4.48771e-06 8.89836e-06 1.38965e-05 1.90516e-05 2.3763e-05 2.72851e-05 2.87822e-05 2.74125e-05 2.24372e-05 1.33484e-05 -7.74341e-20 -1.72741e-05 -3.75752e-05 -5.94084e-05 -8.07218e-05 -9.9028e-05 -0.000111609 -0.000115797 -0.000109304 -9.05751e-05 -5.9114e-05 -1.57403e-05 3.72724e-05 9.62128e-05 0.000156125 0.000211185 0.000255229 0.000282406 0.000287868 0.00026843 0.000223112 0.00015348 6.37239e-05 -3.95555e-05 -0.000147859 -0.000251554 -0.000340825 -0.000406704 -0.000442054 -0.000442415 -0.000406563 -0.000336746 -0.000238533 -0.000120302 7.5968e-06 0.000133893 0.000247546 0.00033887 0.000400492 0.00042804 0.000420495 0.000380164 0.000312304 0.000224448 0.000125518 2.48502e-05 -6.8767e-05 -0.000147921 -0.000207201 -0.000243551 -0.000256348 -0.000247217 -0.000219626 -0.00017833 -0.000128745 -7.63332e-05 -2.6051e-05 1.80675e-05 5.31764e-05 7.77197e-05 9.13838e-05 9.49249e-05 8.99129e-05 7.84338e-05 6.27876e-05 4.52196e-05 2.77062e-05 1.18104e-05 -1.39113e-06 -1.13142e-05 -1.78197e-05 -2.11301e-05 -2.17242e-05 -2.02293e-05 -1.73218e-05 -1.36457e-05 -9.75483e-06 -6.07818e-06 -2.90815e-06 -4.06135e-07 1.3788e-06
-6.03784e-06 -5.7539e-06 -4.5708e-06 -2.28253e-06 1.24255e-06 6.01533e-06 1.18809e-05 1.84819e-05 2.52393e-05 3.13581e-05 3.58656e-05 3.7686e-05 3.57526e-05 2.91495e-05 1.72741e-05 -9.98165e-20 -2.21804e-05 -4.80595e-05 -7.56882e-05 -0.000102441 -0.000125183 -0.000140537 -0.000145242 -0.000136564 -0.000112723 -7.32817e-05 -1.94367e-05 4.58458e-05 0.000117882 0.000190543 0.000256735 0.00030907 0.000340647 0.000345881 0.000321268 0.000265989 0.000182262 7.53789e-05 -4.66077e-05 -0.000173541 -0.000294096 -0.000396912 -0.000471784 -0.000510793 -0.000509217 -0.000466127 -0.000384576 -0.000271352 -0.00013632 8.57474e-06 0.000150539 0.000277238 0.000378037 0.000445039 0.000473798 0.000463631 0.000417528 0.000341662 0.00024459 0.000136249 2.68695e-05 -7.4065e-05 -0.000158696 -0.000221428 -0.000259258 -0.000271817 -0.000261113 -0.000231067 -0.000186888 -0.000134398 -7.9374e-05 -2.69832e-05 1.8641e-05 5.46505e-05 7.95628e-05 9.31862e-05 9.64197e-05 9.09728e-05 7.9049e-05 6.30333e-05 4.52196e-05 2.75982e-05 1.17185e-05 -1.37492e-06 -1.11388e-05 -1.7475e-05 -2.06406e-05 -2.11382e-05 -1.96069e-05 -1.67234e-05 -1.3123e-05 -9.34456e-06 -5.79984e-06 -2.76416e-06 -3.84521e-07
-7.70725e-06 -8.18853e-06 -7.77303e-06 -6.15068e-06 -3.05951e-06 1.65902e-06 8.00021e-06 1.57396e-05 2.43891e-05 3.31765e-05 4.10588e-05 4.67775e-05 4.89602e-05 4.62673e-05 3.75752e-05 2.21804e-05 -1.27667e-19 -2.82586e-05 -6.09906e-05 -9.56789e-05 -0.000128993 -0.000157015 -0.000175586 -0.000180757 -0.000169294 -0.000139194 -9.01381e-05 -2.38144e-05 5.59525e-05 0.000143309 0.000230738 0.000309682 0.000371356 0.000407701 0.000412352 0.000381516 0.000314638 0.000214757 8.84718e-05 -5.44899e-05 -0.000202099 -0.000341158 -0.000458631 -0.00054302 -0.000585627 -0.000581544 -0.000530259 -0.000435782 -0.000306283 -0.000153269 9.60325e-06 0.000167939 0.000308075 0.000418449 0.000490693 0.000520365 0.000507214 0.000454996 0.00037087 0.000264465 0.000146746 2.88267e-05 -7.91503e-05 -0.000168931 -0.00023479 -0.000273831 -0.000285976 -0.000273644 -0.000241212 -0.000194333 -0.000139207 -8.18936e-05 -2.77312e-05 1.90831e-05 5.57284e-05 8.08157e-05 9.42847e-05 9.7176e-05 9.13289e-05 7.9049e-05 6.27876e-05 4.48677e-05 2.72767e-05 1.15368e-05 -1.34833e-06 -1.08807e-05 -1.70037e-05 -2.00056e-05 -2.0408e-05 -1.88558e-05 -1.602e-05 -1.2522e-05 -8.88188e-06 -5.49118e-06 -2.60685e-06
-9.00729e-06 -1.04118e-05 -1.10189e-05 -1.0419e-05 -8.21223e-06 -4.06905e-06 2.19784e-06 1.05572e-05 2.06893e-05 3.19338e-05 4.32703e-05 5.3342e-05 6.05346e-05 6.31122e-05 5.94084e-05 4.80595e-05 2.82586e-05 -1.62018e-19 -3.57222e-05 -7.67988e-05 -0.000120008 -0.000161163 -0.000195408 -0.000217669 -0.000223205 -0.000208235 -0.000170544 -0.000110009 -2.89509e-05 6.77558e-05 0.000172863 0.000277239 0.000370641 0.000442722 0.000484157 0.000487771 0.000449535 0.000369289 0.000251076 0.000103031 -6.32094e-05 -0.000233525 -0.00039267 -0.000525823 -0.000620149 -0.0006662 -0.000658976 -0.000598519 -0.000489962 -0.000343021 -0.000170984 1.06714e-05 0.000185891 0.000339679 0.000459576 0.00053682 0.000567062 0.000550576 0.000491968 0.000399443 0.000283729 0.000156822 3.06859e-05 -8.39266e-05 -0.000178427 -0.000247021 -0.000286973 -0.000298532 -0.000284545 -0.000249843 -0.000200501 -0.000143066 -8.38356e-05 -2.82781e-05 1.93836e-05 5.63853e-05 8.14496e-05 9.46537e-05 9.7176e-05 9.09728e-05 7.84338e-05 6.20561e-05 4.41721e-05 2.67491e-05 1.12696e-05 -1.31196e-06 -1.0546e-05 -1.64163e-05 -1.92392e-05 -1.95497e-05 -1.79923e-05 -1.52268e-05 -1.18556e-05 -8.37641e-06 -5.15849e-06
-9.69758e-06 -1.21206e-05 -1.3956e-05 -1.47121e-05 -1.38569e-05 -1.08794e-05 -5.3696e-06 2.88901e-06 1.38231e-05 2.69839e-05 4.14872e-05 5.59959e-05 6.87606e-05 7.7728e-05 8.07218e-05 7.56882e-05 6.09906e-05 3.57222e-05 -2.04012e-19 -4.48057e-05 -9.59518e-05 -0.000149353 -0.000199788 -0.000241297 -0.000267737 -0.000273477 -0.00025414 -0.000207328 -0.000133215 -3.49215e-05 8.14104e-05 0.00020689 0.000330517 0.000440147 0.000523696 0.000570476 0.000572494 0.00052556 0.00043006 0.000291253 0.000119052 -7.27536e-05 -0.000267737 -0.000448443 -0.000598167 -0.000702721 -0.00075196 -0.000740906 -0.00067031 -0.000546593 -0.000381175 -0.000189262 1.17662e-05 0.000204162 0.00037161 0.000500817 0.000582712 0.00061314 0.000592993 0.000527805 0.000426869 0.000302028 0.000166285 3.24108e-05 -8.82985e-05 -0.00018699 -0.000257866 -0.000298404 -0.000309214 -0.000293578 -0.000256769 -0.000205256 -0.000145887 -8.51559e-05 -2.86115e-05 1.95356e-05 5.6606e-05 8.14496e-05 9.42847e-05 9.64197e-05 8.99129e-05 7.72178e-05 6.08558e-05 4.31489e-05 2.60276e-05 1.09228e-05 -1.26664e-06 -1.0142e-05 -1.57258e-05 -1.83582e-05 -1.85817e-05 -1.70348e-05 -1.43603e-05 -1.11373e-05 -7.83823e-06
-9.55106e-06 -1.29986e-05 -1.61832e-05 -1.85611e-05 -1.94904e-05 -1.82859e-05 -1.43008e-05 -7.03069e-06 3.76798e-06 1.79585e-05 3.49198e-05 5.34791e-05 7.19002e-05 8.79461e-05 9.9028e-05 0.000102441 9.56789e-05 7.67988e-05 4.48057e-05 -2.5489e-19 -5.57616e-05 -0.000118948 -0.000184426 -0.000245744 -0.000295643 -0.000326759 -0.000332463 -0.000307751 -0.000250086 -0.000160062 -4.17955e-05 9.70557e-05 0.000245688 0.000390969 0.00051862 0.000614659 0.000666954 0.000666704 0.00060966 0.000496933 0.00033523 0.000136494 -8.30872e-05 -0.000304574 -0.000508153 -0.00067517 -0.00079009 -0.000842155 -0.000826541 -0.000744869 -0.000605023 -0.000420278 -0.000207863 1.28722e-05 0.000222483 0.000403379 0.000541513 0.000627606 0.000657803 0.000633709 0.000561846 0.000452628 0.000319005 0.000174947 3.39662e-05 -9.21753e-05 -0.000194439 -0.000267093 -0.000307877 -0.000317786 -0.00030054 -0.000261833 -0.000208488 -0.000147607 -8.58238e-05 -2.87235e-05 1.95356e-05 5.63853e-05 8.08157e-05 9.31862e-05 9.49249e-05 8.81739e-05 7.5429e-05 5.92143e-05 4.18213e-05 2.51285e-05 1.05044e-05 -1.21336e-06 -9.67752e-06 -1.49472e-05 -1.73812e-05 -1.75242e-05 -1.60027e-05 -1.34376e-05 -1.03811e-05
-8.38482e-06 -1.27523e-05 -1.72878e-05 -2.14392e-05 -2.44936e-05 -2.56196e-05 -2.39426e-05 -1.86517e-05 -9.134e-06 4.87613e-06 2.31494e-05 4.48379e-05 6.84008e-05 9.16032e-05 0.000111609 0.000125183 0.000128993 0.000120008 9.59518e-05 5.57616e-05 -3.15979e-19 -6.88564e-05 -0.000146309 -0.000225963 -0.000299918 -0.000359411 -0.00039569 -0.000401027 -0.000369772 -0.000299314 -0.000190822 -4.96334e-05 0.000114807 0.000289491 0.000458878 0.000606328 0.000715808 0.000773681 0.000770374 0.000701715 0.000569736 0.000382845 0.000155273 -9.41502e-05 -0.000343781 -0.000571332 -0.000756154 -0.000881409 -0.000935829 -0.000914897 -0.00082128 -0.000664488 -0.000459785 -0.000226517 1.39727e-05 0.000240561 0.000434456 0.000580958 0.000670698 0.000700227 0.000671949 0.000593427 0.000476207 0.000334315 0.000182628 3.53193e-05 -9.54735e-05 -0.000200611 -0.000274497 -0.000315178 -0.000324054 -0.000305272 -0.00026492 -0.000210124 -0.000148185 -8.58238e-05 -2.86115e-05 1.93836e-05 5.57284e-05 7.95628e-05 9.13838e-05 9.2726e-05 8.57955e-05 7.31083e-05 5.71687e-05 4.02192e-05 2.40716e-05 1.00234e-05 -1.15329e-06 -9.16249e-06 -1.40966e-05 -1.63281e-05 -1.63983e-05 -1.49162e-05 -1.24764e-05
-6.09218e-06 -1.11516e-05 -1.68941e-05 -2.28133e-05 -2.81813e-05 -3.20707e-05 -3.34143e-05 -3.11053e-05 -2.41371e-05 -1.17742e-05 6.26107e-06 2.96085e-05 5.7125e-05 8.68052e-05 0.000115797 0.000140537 0.000157015 0.000161163 0.000149353 0.000118948 6.88564e-05 -3.88661e-19 -8.43646e-05 -0.000178563 -0.000274702 -0.000363186 -0.000433532 -0.000475432 -0.000479966 -0.000440833 -0.000355444 -0.000225724 -5.84824e-05 0.000134748 0.00033845 0.000534391 0.000703353 0.000827114 0.000890501 0.000883239 0.000801383 0.000648123 0.00043382 0.000175261 -0.000105856 -0.000385017 -0.000637366 -0.000840262 -0.000975631 -0.00103183 -0.00100482 -0.000898484 -0.000724117 -0.000499092 -0.000244923 1.50491e-05 0.000258085 0.000464286 0.000618427 0.000711171 0.000739588 0.000706953 0.000621906 0.000497115 0.000347632 0.000189163 3.64404e-05 -9.81201e-05 -0.000205368 -0.000279911 -0.000320141 -0.000327874 -0.000307667 -0.000265956 -0.000210124 -0.000147607 -8.51559e-05 -2.82781e-05 1.90831e-05 5.46505e-05 7.77197e-05 8.89189e-05 8.98731e-05 8.28317e-05 7.03076e-05 5.47643e-05 3.83774e-05 2.28797e-05 9.48993e-06 -1.08765e-06 -8.60736e-06 -1.31909e-05 -1.52194e-05 -1.52253e-05 -1.37952e-05
-2.67162e-06 -8.07082e-06 -1.47158e-05 -2.22069e-05 -2.98707e-05 -3.67554e-05 -4.1665e-05 -4.32413e-05 -4.00963e-05 -3.09926e-05 -1.50594e-05 7.97681e-06 3.75751e-05 7.22128e-05 0.000109304 0.000145242 0.000175586 0.000195408 0.000199788 0.000184426 0.000146309 8.43646e-05 -4.74341e-19 -0.000102561 -0.000216231 -0.000331353 -0.000436378 -0.00051887 -0.000566799 -0.000569974 -0.000521461 -0.000418815 -0.000264931 -6.83729e-05 0.000156923 0.000392608 0.000617488 0.000809554 0.000948291 0.00101698 0.00100476 0.000908086 0.000731556 0.000487757 0.000196283 -0.000118091 -0.000427843 -0.0007055 -0.00092646 -0.00107152 -0.00112883 -0.00109499 -0.000975295 -0.000782958 -0.000537543 -0.000262764 1.60824e-05 0.00027473 0.000492303 0.000653189 0.000748217 0.000775081 0.000737992 0.00064668 0.000514902 0.000358667 0.000194407 3.73046e-05 -0.000100055 -0.000208603 -0.00028321 -0.000322652 -0.000329157 -0.000307667 -0.00026492 -0.000208488 -0.000145887 -8.38356e-05 -2.77312e-05 1.8641e-05 5.31764e-05 7.53285e-05 8.58472e-05 8.64301e-05 7.93479e-05 6.7088e-05 5.20527e-05 3.6335e-05 2.15776e-05 8.91496e-06 -1.01777e-06 -8.02294e-06 -1.22473e-05 -1.40757e-05 -1.40262e-05
1.75158e-06 -3.52552e-06 -1.06089e-05 -1.92682e-05 -2.89632e-05 -3.88068e-05 -4.7565e-05 -5.37083e-05 -5.55229e-05 -5.1284e-05 -3.94857e-05 -1.91114e-05 1.00836e-05 4.73142e-05 9.05751e-05 0.000136564 0.000180757 0.000217669 0.000241297 0.000245744 0.000225963 0.000178563 0.000102561 -5.74404e-19 -0.000123713 -0.000259807 -0.000396578 -0.00052024 -0.000616173 -0.000670467 -0.000671594 -0.000612036 -0.000489644 -0.000308528 -7.9314e-05 0.000181324 0.000451889 0.000707953 0.00092454 0.00107876 0.00115239 0.0011341 0.00102099 0.000819304 0.000544133 0.000218116 -0.000130715 -0.000471733 -0.00077484 -0.00101355 -0.00116768 -0.00122533 -0.00118396 -0.00105043 -0.000839991 -0.000574451 -0.000279711 1.70529e-05 0.000290172 0.000517949 0.000684536 0.000781068 0.000805957 0.000764398 0.000667208 0.000529176 0.000367173 0.000198241 3.7892e-05 -0.000101235 -0.000210239 -0.000284319 -0.000322652 -0.000327874 -0.000305272 -0.000261833 -0.000205256 -0.000143066 -8.18936e-05 -2.69832e-05 1.80675e-05 5.13394e-05 7.24428e-05 8.22365e-05 8.24722e-05 7.54191e-05 6.35176e-05 4.90904e-05 3.41336e-05 2.01913e-05 8.30966e-06 -9.44969e-07 -7.42001e-06 -1.12827e-05 -1.29166e-05
6.91544e-06 2.3024e-06 -4.61614e-06 -1.38366e-05 -2.50325e-05 -3.74812e-05 -5.00239e-05 -6.10746e-05 -6.8694e-05 -7.07381e-05 -6.50827e-05 -4.99145e-05 -2.40649e-05 1.26477e-05 5.9114e-05 0.000112723 0.000169294 0.000223205 0.000267737 0.000295643 0.000299918 0.000274702 0.000216231 0.000123713 0 -0.000148065 -0.000309736 -0.000470948 -0.000615391 -0.000726029 -0.000786923 -0.000785173 -0.000712753 -0.000567997 -0.000356503 -9.12898e-05 0.000207889 0.000516074 0.000805356 0.00104764 0.00121763 0.00129567 0.00127013 0.001139 0.000910436 0.0006023 0.000240491 -0.000143562 -0.000516077 -0.000844373 -0.0011002 -0.00126256 -0.00131973 -0.00127021 -0.00112256 -0.000894166 -0.000609116 -0.000295433 1.79412e-05 0.000304098 0.000540689 0.000711805 0.000809016 0.000831541 0.000785588 0.000683031 0.000539613 0.000372955 0.000200578 3.81892e-05 -0.000101631 -0.000210239 -0.00028321 -0.000320141 -0.000324054 -0.00030054 -0.000256769 -0.000200501 -0.000139207 -7.9374e-05 -2.6051e-05 1.73753e-05 4.91801e-05 6.91254e-05 7.81647e-05 7.80831e-05 7.1127e-05 5.96693e-05 4.59364e-05 3.1816e-05 1.8747e-05 7.68517e-06 -8.70546e-07 -6.80898e-06 -1.03133e-05
1.24267e-05 9.05473e-06 3.0029e-06 -5.99711e-06 -1.79059e-05 -3.22681e-05 -4.81268e-05 -6.39816e-05 -7.78111e-05 -8.71772e-05 -8.94213e-05 -8.19516e-05 -6.26069e-05 -3.00664e-05 1.57403e-05 7.32817e-05 0.000139194 0.000208235 0.000273477 0.000326759 0.000359411 0.000363186 0.000331353 0.000259807 0.000148065 -8.22796e-19 -0.000175831 -0.000366387 -0.000554912 -0.000722281 -0.000848814 -0.000916419 -0.000910816 -0.000823585 -0.000653761 -0.000408733 -0.000104256 0.000236491 0.000584788 0.00090903 0.00117789 0.00136368 0.00144543 0.00141141 0.00126075 0.00100383 0.000661497 0.000263098 -0.000156445 -0.000560196 -0.000912985 -0.00118496 -0.00135453 -0.00141034 -0.00135213 -0.0011903 -0.000944427 -0.000640847 -0.000309612 1.8729e-05 0.000316212 0.000560036 0.0007344 0.000831443 0.00085126 0.000801083 0.000693787 0.000545974 0.00037588 0.000201363 3.81892e-05 -0.000101235 -0.000208603 -0.000279911 -0.000315178 -0.000317786 -0.000293578 -0.000249843 -0.000194333 -0.000134398 -7.63332e-05 -2.49554e-05 1.65796e-05 4.6745e-05 6.54466e-05 7.37164e-05 7.33523e-05 6.65571e-05 5.56179e-05 4.26505e-05 2.9425e-05 1.72705e-05 7.05231e-06 -7.95744e-07 -6.19965e-06
1.7783e-05 1.62074e-05 1.17636e-05 3.88604e-06 -7.73058e-06 -2.29916e-05 -4.12716e-05 -6.13151e-05 -8.11969e-05 -9.83624e-05 -0.000109773 -0.000112159 -0.00010239 -7.79155e-05 -3.72724e-05 1.94367e-05 9.01381e-05 0.000170544 0.00025414 0.000332463 0.00039569 0.000433532 0.000436378 0.000396578 0.000309736 0.000175831 -4.86643e-19 -0.000207179 -0.000430026 -0.000648758 -0.00084114 -0.000984642 -0.00105892 -0.00104834 -0.000944245 -0.000746619 -0.000464968 -0.000118138 0.000266935 0.000657495 0.00101807 0.00131404 0.00151537 0.00159994 0.0015562 0.00138467 0.0010982 0.000720859 0.000285591 -0.000169157 -0.000603355 -0.00097949 -0.00126632 -0.00144189 -0.00149545 -0.00142813 -0.0012523 -0.000989751 -0.000668983 -0.000321945 1.93991e-05 0.00032625 0.000575561 0.000751816 0.000847841 0.000864665 0.000810526 0.000699228 0.000548111 0.00037588 0.000200578 3.7892e-05 -0.000100055 -0.000205368 -0.000274497 -0.000307877 -0.000309214 -0.000284545 -0.000241212 -0.000186888 -0.000128745 -7.28377e-05 -2.37197e-05 1.56973e-05 4.40848e-05 6.14814e-05 6.89801e-05 6.83718e-05 6.17962e-05 5.14381e-05 3.92915e-05 2.70019e-05 1.57865e-05 6.4212e-06 -7.21708e-07
2.24131e-05 2.3103e-05 2.0974e-05 1.51638e-05 4.98978e-06 -9.88757e-06 -2.92921e-05 -5.23763e-05 -7.75096e-05 -0.000102242 -0.000123374 -0.000137149 -0.000139585 -0.000126929 -9.62128e-05 -4.58458e-05 2.38144e-05 0.000110009 0.000207328 0.000307751 0.000401027 0.000475432 0.00051887 0.00052024 0.000470948 0.000366387 0.000207179 -5.7117e-19 -0.000242217 -0.000500791 -0.000752573 -0.000971935 -0.00113332 -0.00121406 -0.00119725 -0.00107416 -0.00084603 -0.000524823 -0.000132826 0.000298952 0.000733489 0.00113131 0.00145451 0.00167082 0.00175719 0.00170249 0.00150892 0.00119208 0.000779434 0.000307593 -0.000181479 -0.000644782 -0.00104266 -0.00134274 -0.00152294 -0.00157335 -0.00149667 -0.00130729 -0.00102918 -0.000692921 -0.000332165 1.99369e-05 0.000333986 0.000586913 0.000763655 0.000857836 0.000871447 0.000813698 0.000699228 0.000545974 0.000372955 0.000198241 3.73046e-05 -9.81201e-05 -0.000200611 -0.000267093 -0.000298404 -0.000298532 -0.000273644 -0.000231067 -0.00017833 -0.000122371 -6.89613e-05 -2.23698e-05 1.47462e-05 4.12523e-05 5.73069e-05 6.40459e-05 6.32336e-05 5.69293e-05 4.72023e-05 3.59153e-05 2.45855e-05 1.43178e-05 5.80107e-06
2.57307e-05 2.90047e-05 2.9781e-05 2.69311e-05 1.93948e-05 6.35714e-06 -1.2548e-05 -3.70287e-05 -6.59518e-05 -9.72188e-05 -0.000127741 -0.000153542 -0.000170019 -0.000172364 -0.000156125 -0.000117882 -5.59525e-05 2.89509e-05 0.000133215 0.000250086 0.000369772 0.000479966 0.000566799 0.000616173 0.000615391 0.000554912 0.000430026 0.000242217 -6.65161e-19 -0.000280977 -0.000578663 -0.000866206 -0.00111433 -0.00129429 -0.00138109 -0.00135666 -0.00121243 -0.000951217 -0.000587774 -0.000148178 0.000332205 0.000811898 0.00124736 0.00159746 0.00182788 0.00191488 0.00184803 0.00163154 0.00128392 0.00083621 0.000328713 -0.000193184 -0.000683691 -0.00110127 -0.00141268 -0.00159603 -0.00164243 -0.00155629 -0.00135406 -0.00106185 -0.000712129 -0.000340042 2.03301e-05 0.000339246 0.000593831 0.000769645 0.000861193 0.000871447 0.000810526 0.000693787 0.000539613 0.000367173 0.000194407 3.64404e-05 -9.54735e-05 -0.000194439 -0.000257866 -0.000286973 -0.000285976 -0.000261113 -0.000219626 -0.000168839 -0.000115406 -6.47832e-05 -2.09326e-05 1.3745e-05 3.83015e-05 5.30002e-05 5.90018e-05 5.80264e-05 5.20376e-05 4.29782e-05 3.25738e-05 2.22111e-05 1.28846e-05
2.71992e-05 3.31681e-05 3.72428e-05 3.80905e-05 3.43111e-05 2.46133e-05 8.03618e-06 -1.58003e-05 -4.64444e-05 -8.23995e-05 -0.000120991 -0.000158356 -0.000189599 -0.000209127 -0.000211185 -0.000190543 -0.000143309 -6.77558e-05 3.49215e-05 0.000160062 0.000299314 0.000440833 0.000569974 0.000670467 0.000726029 0.000722281 0.000648758 0.000500791 0.000280977 -7.68593e-19 -0.000323403 -0.000663441 -0.000989238 -0.00126764 -0.00146662 -0.00155888 -0.00152533 -0.00135786 -0.00106116 -0.000653153 -0.000164018 0.000366284 0.000891696 0.00136462 0.00174082 0.00198414 0.00207048 0.00199041 0.00175038 0.00137208 0.000890141 0.000348549 -0.000204043 -0.000719306 -0.00115412 -0.00147471 -0.0016596 -0.0017012 -0.00160569 -0.0013916 -0.00108703 -0.000726175 -0.000345397 2.05697e-05 0.000341907 0.000596155 0.000769645 0.000857836 0.000864665 0.000801083 0.000683031 0.000529176 0.000358667 0.000189163 3.53193e-05 -9.21753e-05 -0.00018699 -0.000247021 -0.000273831 -0.000271817 -0.000247217 -0.000207127 -0.00015861 -0.000107992 -6.03846e-05 -1.94353e-05 1.27121e-05 3.5285e-05 4.86358e-05 5.3932e-05 5.28337e-05 4.71961e-05 3.88275e-05 2.93132e-05 1.99099e-05
2.64e-05 3.49244e-05 4.24227e-05 4.74486e-05 4.83393e-05 4.33733e-05 3.09928e-05 1.00796e-05 -1.97407e-05 -5.7801e-05 -0.000102148 -0.000149404 -0.000194781 -0.000232301 -0.000255229 -0.000256735 -0.000230738 -0.000172863 -8.14104e-05 4.17955e-05 0.000190822 0.000355444 0.000521461 0.000671594 0.000786923 0.000848814 0.00084114 0.000752573 0.000578663 0.000323403 -8.81196e-19 -0.000369337 -0.000754719 -0.00112095 -0.00143083 -0.00164896 -0.00174586 -0.00170163 -0.0015089 -0.0011746 -0.000720156 -0.000180139 0.000400716 0.000971715 0.00148128 0.00188227 0.00213701 0.0022213 0.00212707 0.00186327 0.00145487 0.000940177 0.000366706 -0.000213835 -0.000750888 -0.0012001 -0.00152747 -0.00171229 -0.00174836 -0.00164377 -0.00141905 -0.00110415 -0.000734734 -0.000348106 2.06502e-05 0.000341907 0.000593831 0.000763655 0.000847841 0.00085126 0.000785588 0.000667208 0.000514902 0.000347632 0.000182628 3.39662e-05 -8.82985e-05 -0.000178427 -0.00023479 -0.000259258 -0.000256348 -0.000232239 -0.000193819 -0.00014784 -0.000100267 -5.58466e-05 -1.79046e-05 1.16652e-05 3.22531e-05 4.42834e-05 4.89142e-05 4.77312e-05 4.24719e-05 3.48048e-05 2.61738e-05
2.30956e-05 3.37661e-05 4.44949e-05 5.38372e-05 5.99806e-05 6.08684e-05 5.44023e-05 3.87222e-05 1.25443e-05 -2.4472e-05 -7.13747e-05 -0.000125644 -0.000183053 -0.00023772 -0.000282406 -0.00030907 -0.000309682 -0.000277239 -0.00020689 -9.70557e-05 4.96334e-05 0.000225724 0.000418815 0.000612036 0.000785173 0.000916419 0.000984642 0.000971935 0.000866206 0.000663441 0.000369337 -1.00243e-18 -0.000418514 -0.000851875 -0.00126032 -0.00160245 -0.00183955 -0.00194006 -0.00188353 -0.00166369 -0.00129004 -0.000787853 -0.000196304 0.000434973 0.00105067 0.0015954 0.00201938 0.00228374 0.00236456 0.00225543 0.00196801 0.00153066 0.000985297 0.000382806 -0.000222353 -0.000777756 -0.00123819 -0.00156982 -0.00175289 -0.00178284 -0.00166966 -0.00143577 -0.00111281 -0.00073761 -0.000348106 2.05697e-05 0.000339246 0.000586913 0.000751816 0.000831443 0.000831541 0.000764398 0.00064668 0.000497115 0.000334315 0.000174947 3.24108e-05 -8.39266e-05 -0.000168931 -0.000221428 -0.000243551 -0.000239877 -0.00021647 -0.000179955 -0.00013673 -9.23702e-05 -5.12477e-05 -1.63661e-05 1.06213e-05 2.92523e-05 4.00067e-05 4.40181e-05 4.2786e-05 3.79231e-05 3.0956e-05
1.72793e-05 2.94245e-05 4.28515e-05 5.62468e-05 6.77913e-05 7.52326e-05 7.60484e-05 6.77048e-05 4.80026e-05 1.54901e-05 -3.0101e-05 -8.74501e-05 -0.000153342 -0.000222536 -0.000287868 -0.000340647 -0.000371356 -0.000370641 -0.000330517 -0.000245688 -0.000114807 5.84824e-05 0.000264931 0.000489644 0.000712753 0.000910816 0.00105892 0.00113332 0.00111433 0.000989238 0.000754719 0.000418514 -1.13148e-18 -0.000470548 -0.000954054 -0.00140599 -0.00178069 -0.0020362 -0.00213908 -0.00206865 -0.00182008 -0.00140581 -0.000855206 -0.000212255 0.000468485 0.00112721 0.00170494 0.00214962 0.00242155 0.00249747 0.00237292 0.00206245 0.00159786 0.00102455 0.000396503 -0.000229411 -0.000799316 -0.00126755 -0.00160078 -0.0017805 -0.00180386 -0.00168275 -0.00144139 -0.00111281 -0.000734734 -0.000345397 2.03301e-05 0.000333986 0.000575561 0.0007344 0.000809016 0.000805957 0.000737992 0.000621906 0.000476207 0.000319005 0.000166285 3.06859e-05 -7.91503e-05 -0.000158696 -0.000207201 -0.000227014 -0.000222719 -0.000200202 -0.000165782 -0.000125471 -8.44332e-05 -4.66616e-05 -1.48434e-05 9.59556e-06 2.63242e-05 3.58618e-05 3.93037e-05 3.80547e-05 3.3598e-05
9.20451e-06 2.19286e-05 3.71961e-05 5.39581e-05 7.05493e-05 8.46978e-05 9.36285e-05 9.42748e-05 8.36043e-05 5.90443e-05 1.89789e-05 -3.67368e-05 -0.000106312 -0.00018569 -0.00026843 -0.000345881 -0.000407701 -0.000442722 -0.000440147 -0.000390969 -0.000289491 -0.000134748 6.83729e-05 0.000308528 0.000567997 0.000823585 0.00104834 0.00121406 0.00129429 0.00126764 0.00112095 0.000851875 0.000470548 -1.26719e-18 -0.000524934 -0.00106018 -0.00155629 -0.00196336 -0.00223633 -0.00234016 -0.00225429 -0.00197568 -0.00152004 -0.000921093 -0.000227717 0.000500651 0.00119991 0.00180782 0.00227045 0.00254769 0.00261733 0.0024771 0.00214461 0.00165504 0.00105707 0.000407495 -0.000234852 -0.000815081 -0.00128752 -0.00161965 -0.00179446 -0.00181092 -0.00168275 -0.00143577 -0.00110415 -0.000726175 -0.000340042 1.99369e-05 0.00032625 0.000560036 0.000711805 0.000781068 0.000775081 0.000706953 0.000593427 0.000452628 0.000302028 0.000156822 2.88267e-05 -7.4065e-05 -0.000147921 -0.00019238 -0.000209954 -0.000205178 -0.000183716 -0.000151537 -0.000114242 -7.65776e-05 -4.21552e-05 -1.33576e-05 8.60141e-06 2.35049e-05 3.18961e-05 3.48211e-05 3.35831e-05
