-1.11527e-06 -7.78043e-07 -1.81868e-12 1.26289e-06 2.93834e-06 4.79657e-06 6.43607e-06 7.31389e-06 6.83184e-06 4.47734e-06 -8.15532e-12 -6.41348e-06 -1.4018e-05 -2.14967e-05 -2.70969e-05 -2.8927e-05 -2.53834e-05 -1.56274e-05 -2.19863e-12 1.97549e-05 4.05625e-05 5.84341e-05 6.91943e-05 6.93923e-05 5.72023e-05 3.30832e-05 -2.54966e-11 -3.69071e-05 -7.11894e-05 -9.63416e-05 -0.00010717 -0.000100965 -7.81863e-05 -4.24797e-05 -3.86661e-11 4.18211e-05 7.57807e-05 9.63416e-05 0.000100677 8.91014e-05 6.48187e-05 3.30833e-05 1.92936e-12 -2.87432e-05 -4.89277e-05 -5.84342e-05 -5.73641e-05 -4.76926e-05 -3.25929e-05 -1.56274e-05 -6.27652e-12 1.1982e-05 1.91604e-05 2.14967e-05 1.98245e-05 1.54835e-05 9.94027e-06 4.47733e-06 8.44651e-13 -3.02951e-06 -4.55099e-06 -4.79657e-06 -4.15544e-06 -3.04888e-06 -1.83877e-06 -7.78043e-07 3.11192e-21
-7.78043e-07 -1.83294e-12 1.28278e-06 3.00802e-06 4.94883e-06 6.69245e-06 7.66489e-06 7.21586e-06 4.7661e-06 -8.74938e-12 -6.93462e-06 -1.5276e-05 -2.36095e-05 -2.99935e-05 -3.22704e-05 -2.85393e-05 -1.77082e-05 -2.51091e-12 2.27377e-05 4.70533e-05 6.83164e-05 8.15308e-05 8.24054e-05 6.84621e-05 3.9906e-05 -3.09959e-11 -4.52195e-05 -8.79072e-05 -0.000119899 -0.000134421 -0.000127632 -9.96119e-05 -5.4545e-05 -5.00376e-11 5.4545e-05 9.96119e-05 0.000127632 0.000134421 0.000119899 8.79072e-05 4.52195e-05 2.6578e-12 -3.9906e-05 -6.84622e-05 -8.24054e-05 -8.15308e-05 -6.83164e-05 -4.70533e-05 -2.27377e-05 -9.20391e-12 1.77082e-05 2.85393e-05 3.22704e-05 2.99935e-05 2.36095e-05 1.5276e-05 6.93462e-06 1.31848e-12 -4.76609e-06 -7.21586e-06 -7.66489e-06 -6.69245e-06 -4.94883e-06 -3.00802e-06 -1.28278e-06 5.17094e-21 7.78043e-07
-1.81868e-12 1.28278e-06 3.03161e-06 5.02676e-06 6.85116e-06 7.9082e-06 7.50331e-06 4.99483e-06 -9.24119e-12 -7.38187e-06 -1.63888e-05 -2.5528e-05 -3.2685e-05 -3.54421e-05 -3.15901e-05 -1.97549e-05 -2.8231e-12 2.57652e-05 5.37366e-05 7.86317e-05 9.45773e-05 9.63416e-05 8.06681e-05 4.73895e-05 -3.70973e-11 -5.45451e-05 -0.000106868 -0.000146903 -0.000165988 -0.00015884 -0.000124941 -6.89513e-05 -6.37496e-11 7.00372e-05 0.000128907 0.000166463 0.000176694 0.00015884 0.000117372 6.08494e-05 3.60451e-12 -5.45451e-05 -9.43107e-05 -0.000114409 -0.000114082 -9.63416e-05 -6.68763e-05 -3.25703e-05 -1.32874e-11 2.57653e-05 4.18501e-05 4.76926e-05 4.46752e-05 3.54421e-05 2.31118e-05 1.0574e-05 2.02621e-12 -7.38187e-06 -1.12638e-05 -1.20586e-05 -1.06113e-05 -7.9082e-06 -4.8445e-06 -2.08215e-06 8.45909e-21 1.28278e-06 1.83877e-06
1.26289e-06 3.00802e-06 5.02676e-06 6.90489e-06 8.03274e-06 7.68124e-06 5.15338e-06 -9.60932e-12 -7.73613e-06 -1.731e-05 -2.71744e-05 -3.50659e-05 -3.8322e-05 -3.4425e-05 -2.16965e-05 -3.12488e-12 2.87432e-05 6.04177e-05 8.91014e-05 0.000108011 0.000110889 9.35766e-05 5.5404e-05 -4.37113e-11 -6.47739e-05 -0.000127904 -0.000177199 -0.000201791 -0.000194615 -0.000154282 -8.58113e-05 -7.99599e-11 8.85353e-05 0.000164232 0.000213743 0.000228659 0.000207167 0.000154282 8.06124e-05 4.81266e-12 -7.33984e-05 -0.000127904 -0.000156378 -0.000157155 -0.000133757 -9.35767e-05 -4.59315e-05 -1.88852e-11 3.6907e-05 6.04177e-05 6.93923e-05 6.55118e-05 5.238e-05 3.44249e-05 1.58735e-05 3.06556e-12 -1.1256e-05 -1.731e-05 -1.86767e-05 -1.6564e-05 -1.24413e-05 -7.68125e-06 -3.32727e-06 1.36236e-20 2.08215e-06 3.00802e-06 3.04888e-06
2.93834e-06 4.94883e-06 6.85116e-06 8.03274e-06 7.74149e-06 5.23454e-06 -9.8372e-12 -7.9817e-06 -1.79995e-05 -2.84785e-05 -3.7037e-05 -4.07936e-05 -3.69326e-05 -2.34595e-05 -3.4053e-12 3.15682e-05 6.68763e-05 9.93998e-05 0.00012144 0.000125653 0.000106868 6.37696e-05 -5.0706e-11 -7.57284e-05 -0.000150708 -0.000210429 -0.000241512 -0.000234751 -0.000187559 -0.000105138 -9.87373e-11 0.000110184 0.000205993 0.000270197 0.000291319 0.000266008 0.000199656 0.000105138 6.32612e-12 -9.72371e-05 -0.000170775 -0.000210429 -0.000213133 -0.000182824 -0.000128907 -6.37696e-05 -2.64251e-11 5.20472e-05 8.58708e-05 9.93998e-05 9.45773e-05 7.62125e-05 5.04809e-05 2.34595e-05 4.56614e-12 -1.68973e-05 -2.61891e-05 -2.84785e-05 -2.54551e-05 -1.92695e-05 -1.19903e-05 -5.23453e-06 2.1601e-20 3.32727e-06 4.8445e-06 4.94883e-06 4.15544e-06
4.79657e-06 6.69245e-06 7.9082e-06 7.68124e-06 5.23454e-06 -9.91435e-12 -8.10739e-06 -1.84264e-05 -2.93825e-05 -3.85124e-05 -4.27513e-05 -3.90086e-05 -2.49725e-05 -3.65336e-12 3.41333e-05 7.28776e-05 0.000109169 0.000134421 0.000140176 0.000120155 7.22604e-05 -5.7908e-11 -8.71628e-05 -0.000174824 -0.000246017 -0.00028457 -0.000278774 -0.000224479 -0.000126821 -1.20034e-10 0.000135 0.000254368 0.000336265 0.000365395 0.000336265 0.000254368 0.000135 8.18661e-12 -0.000126821 -0.000224479 -0.000278774 -0.00028457 -0.000246017 -0.000174824 -8.71627e-05 -3.64022e-11 7.22604e-05 0.000120155 0.000140176 0.000134421 0.000109169 7.28776e-05 3.41334e-05 6.6958e-12 -2.49725e-05 -3.90086e-05 -4.27513e-05 -3.85124e-05 -2.93825e-05 -1.84263e-05 -8.1074e-06 3.37187e-20 5.23453e-06 7.68125e-06 7.9082e-06 6.69245e-06 4.79657e-06
6.43607e-06 7.66489e-06 7.50331e-06 5.15338e-06 -9.8372e-12 -8.10739e-06 -1.85709e-05 -2.98452e-05 -3.94257e-05 -4.41084e-05 -4.05625e-05 -2.6171e-05 -3.85871e-12 3.63348e-05 7.81863e-05 0.00011804 0.000146484 0.000153953 0.000132999 8.06123e-05 -6.51078e-11 -9.87684e-05 -0.000199656 -0.000283164 -0.000330107 -0.00032592 -0.000264501 -0.000150604 -1.43662e-10 0.000162841 0.000309233 0.000412001 0.000451203 0.000418489 0.000319049 0.000170656 1.043e-11 -0.000162841 -0.000290497 -0.00036359 -0.000374061 -0.00032592 -0.000233421 -0.00011729 -4.93686e-11 9.87683e-05 0.00016552 0.000194615 0.000188089 0.000153953 0.00010358 4.88939e-05 9.66652e-12 -3.63348e-05 -5.72023e-05 -6.31824e-05 -5.73641e-05 -4.41084e-05 -2.78782e-05 -1.23623e-05 5.18182e-20 8.1074e-06 1.19903e-05 1.24413e-05 1.06113e-05 7.66489e-06 4.55099e-06
7.31389e-06 7.21586e-06 4.99483e-06 -9.60932e-12 -7.9817e-06 -1.84264e-05 -2.98452e-05 -3.97349e-05 -4.4803e-05 -4.15244e-05 -2.70017e-05 -4.01243e-12 3.80785e-05 8.25812e-05 0.000125653 0.000157155 0.000166463 0.000144934 8.85353e-05 -7.20677e-11 -0.000110184 -0.000224479 -0.000320867 -0.000376994 -0.000375131 -0.000306826 -0.000176073 -1.69275e-10 0.000193379 0.000370103 0.000496968 0.000548524 0.000512743 0.000393973 0.000212385 1.30822e-11 -0.000205851 -0.000370103 -0.000466858 -0.00048407 -0.000425079 -0.000306826 -0.000155384 -6.59158e-11 0.000132907 0.000224479 0.000266008 0.000259104 0.000213743 0.000144934 6.89514e-05 1.37389e-11 -5.20473e-05 -8.25812e-05 -9.19298e-05 -8.41188e-05 -6.5188e-05 -4.15244e-05 -1.8558e-05 7.83984e-20 1.23623e-05 1.84263e-05 1.92695e-05 1.6564e-05 1.20586e-05 7.21586e-06 3.02951e-06
6.83184e-06 4.7661e-06 -9.24119e-12 -7.73613e-06 -1.79995e-05 -2.93825e-05 -3.94257e-05 -4.4803e-05 -4.18501e-05 -2.74269e-05 -4.10758e-12 3.92872e-05 8.58709e-05 0.000131683 0.000165988 0.000177199 0.000155492 9.57295e-05 -7.85349e-11 -0.000121014 -0.000248475 -0.000357953 -0.000423866 -0.000425079 -0.000350407 -0.000202659 -1.96363e-10 0.000226083 0.000436088 0.000590164 0.000656497 0.000618486 0.000478949 0.00026022 1.61543e-11 -0.000256186 -0.000464213 -0.000590164 -0.000616722 -0.000545812 -0.000397063 -0.000202659 -8.66447e-11 0.000176074 0.000299719 0.000357953 0.000351397 0.000292152 0.000199656 9.57295e-05 1.92242e-11 -7.33984e-05 -0.000117372 -0.000131683 -0.00012144 -9.4848e-05 -6.08915e-05 -2.7427e-05 1.16774e-19 1.8558e-05 2.78782e-05 2.93825e-05 2.54551e-05 1.86767e-05 1.12638e-05 4.76609e-06 -8.44651e-13
4.47734e-06 -8.74938e-12 -7.38187e-06 -1.731e-05 -2.84785e-05 -3.85124e-05 -4.41084e-05 -4.15244e-05 -2.74269e-05 -4.1398e-12 3.99059e-05 8.79072e-05 0.000135863 0.000172601 0.000185703 0.000164232 0.000101904 -8.42557e-11 -0.000130847 -0.000270773 -0.000393134 -0.000469177 -0.00047421 -0.000393973 -0.000229643 -2.24253e-10 0.00026022 0.000505871 0.000689972 0.000773542 0.000734471 0.000573227 0.000313885 1.96386e-11 -0.000313885 -0.000573227 -0.000734471 -0.000773542 -0.000689972 -0.000505871 -0.00026022 -1.12127e-10 0.000229643 0.000393973 0.00047421 0.000469177 0.000393134 0.000270773 0.000130847 2.64824e-11 -0.000101904 -0.000164232 -0.000185703 -0.000172601 -0.000135863 -8.79072e-05 -3.9906e-05 1.71238e-19 2.7427e-05 4.15244e-05 4.41084e-05 3.85124e-05 2.84785e-05 1.731e-05 7.38187e-06 -1.31848e-12 -4.47733e-06
-8.15532e-12 -6.93462e-06 -1.63888e-05 -2.71744e-05 -3.7037e-05 -4.27513e-05 -4.05625e-05 -2.70017e-05 -4.10758e-12 3.99059e-05 8.85967e-05 0.000138003 0.000176694 0.000191598 0.000170774 0.000106794 -8.89918e-11 -0.000139286 -0.000290497 -0.000425079 -0.00051128 -0.000520818 -0.000436088 -0.000256185 -2.52135e-10 0.000294868 0.000577723 0.000794152 0.000897325 0.000858683 0.000675427 0.000372748 2.35044e-11 -0.000378618 -0.000696867 -0.000899893 -0.000955197 -0.000858684 -0.000634504 -0.000328949 -1.42853e-10 0.000294868 0.000509839 0.000618486 0.000616722 0.000520818 0.00036153 0.000176074 3.59155e-11 -0.000139286 -0.000226239 -0.000257824 -0.000241512 -0.000191598 -0.000124941 -5.71627e-05 0 3.9906e-05 6.08915e-05 6.5188e-05 5.73641e-05 4.27513e-05 2.61891e-05 1.1256e-05 -2.02621e-12 -6.93462e-06 -9.94027e-06
-6.41348e-06 -1.5276e-05 -2.5528e-05 -3.50659e-05 -4.07936e-05 -3.90086e-05 -2.6171e-05 -4.01243e-12 3.92872e-05 8.79072e-05 0.000138003 0.00017808 0.000194615 0.000174824 0.000110184 -9.25368e-11 -0.00014597 -0.000306826 -0.000452494 -0.000548524 -0.000563138 -0.000475222 -0.000281364 -2.79087e-10 0.000328949 0.000649551 0.000899893 0.00102478 0.000988338 0.000783509 0.000435786 2.76949e-11 -0.00044962 -0.000834041 -0.00108548 -0.00116122 -0.00105208 -0.000783508 -0.000409383 -1.79178e-10 0.000372748 0.000649551 0.000794152 0.000798097 0.000679275 0.000475222 0.00023326 4.79535e-11 -0.000187429 -0.000306826 -0.000352403 -0.000332696 -0.000266008 -0.000174824 -8.06124e-05 3.51357e-19 5.71627e-05 8.79072e-05 9.4848e-05 8.41188e-05 6.31824e-05 3.90086e-05 1.68973e-05 -3.06556e-12 -1.0574e-05 -1.5276e-05 -1.54835e-05
-1.4018e-05 -2.36095e-05 -3.2685e-05 -3.8322e-05 -3.69326e-05 -2.49725e-05 -3.85871e-12 3.80785e-05 8.58709e-05 0.000135863 0.000176694 0.000194615 0.000176195 0.000111919 -9.47312e-11 -0.000150604 -0.000319049 -0.00047421 -0.000579356 -0.000599458 -0.000509838 -0.000304227 -3.04132e-10 0.000361279 0.000718988 0.0010039 0.00115219 0.00111993 0.000894795 0.000501587 3.21267e-11 -0.000525659 -0.00098274 -0.00128904 -0.0013898 -0.00126905 -0.000952504 -0.000501587 -2.21255e-10 0.000463892 0.00081472 0.0010039 0.0010168 0.000872206 0.000614983 0.000304228 6.30336e-11 -0.000248304 -0.000409667 -0.00047421 -0.000451203 -0.000363589 -0.000240831 -0.000111919 2.45819e-19 8.06124e-05 0.000124941 0.000135863 0.00012144 9.19298e-05 5.72023e-05 2.49725e-05 -4.56614e-12 -1.58735e-05 -2.31118e-05 -2.36095e-05 -1.98245e-05
-2.14967e-05 -2.99935e-05 -3.54421e-05 -3.4425e-05 -2.34595e-05 -3.65336e-12 3.63348e-05 8.25812e-05 0.000131683 0.000172601 0.000191598 0.000174824 0.000111919 -9.54742e-11 -0.000152976 -0.000326615 -0.000489263 -0.000602435 -0.000628226 -0.000538497 -0.000323848 -3.26286e-10 0.000390636 0.000783508 0.00110257 0.00127536 0.00124938 0.00100604 0.000568373 3.66898e-11 -0.000605029 -0.00114 -0.00150704 -0.00163759 -0.00150704 -0.00114 -0.000605029 -2.68978e-10 0.000568372 0.00100604 0.00124938 0.00127536 0.00110257 0.000783508 0.000390636 8.15716e-11 -0.000323849 -0.000538497 -0.000628226 -0.000602435 -0.000489263 -0.000326615 -0.000152975 3.3863e-19 0.000111919 0.000174824 0.000191598 0.000172601 0.000131683 8.25812e-05 3.63348e-05 -6.6958e-12 -2.34595e-05 -3.44249e-05 -3.54421e-05 -2.99935e-05 -2.14967e-05
-2.70969e-05 -3.22704e-05 -3.15901e-05 -2.16965e-05 -3.4053e-12 3.41333e-05 7.81863e-05 0.000125653 0.000165988 0.000185703 0.000170774 0.000110184 -9.47312e-11 -0.000152976 -0.000329176 -0.000496968 -0.000616722 -0.000648168 -0.000559948 -0.00033939 -3.44627e-10 0.00041583 0.000840582 0.00119216 0.0013898 0.00137217 0.00111359 0.000634066 4.12515e-11 -0.000685588 -0.00130192 -0.00173459 -0.00189964 -0.0017619 -0.00134325 -0.00071849 -3.21924e-10 0.000685588 0.00122304 0.00153077 0.00157485 0.00137217 0.000982739 0.000493811 1.03925e-10 -0.00041583 -0.000696867 -0.000819362 -0.000791886 -0.000648168 -0.000436088 -0.000205851 4.5925e-19 0.000152975 0.000240831 0.000266008 0.000241512 0.000185703 0.000117372 5.20473e-05 -9.66652e-12 -3.41334e-05 -5.04809e-05 -5.238e-05 -4.46752e-05 -3.22704e-05 -1.91604e-05
-2.8927e-05 -2.85393e-05 -1.97549e-05 -3.12488e-12 3.15682e-05 7.28776e-05 0.00011804 0.000157155 0.000177199 0.000164232 0.000106794 -9.25368e-11 -0.000150604 -0.000326615 -0.000496968 -0.000621559 -0.000658376 -0.000573227 -0.000350164 -3.58355e-10 0.000435786 0.000887831 0.00126905 0.00149104 0.00148367 0.00121352 0.000696385 4.56612e-11 -0.000764829 -0.00146379 -0.00196555 -0.00216945 -0.00202794 -0.00155819 -0.00084 -3.79319e-10 0.000814156 0.00146379 0.00184646 0.00191454 0.00168122 0.00121352 0.000614557 1.30351e-10 -0.000525659 -0.000887831 -0.00105208 -0.00102478 -0.000845371 -0.000573227 -0.000272708 6.13179e-19 0.000205851 0.000326615 0.000363589 0.000332696 0.000257824 0.000164232 7.33984e-05 -1.37389e-11 -4.88939e-05 -7.28776e-05 -7.62125e-05 -6.55118e-05 -4.76926e-05 -2.85393e-05 -1.1982e-05
-2.53834e-05 -1.77082e-05 -2.8231e-12 2.87432e-05 6.68763e-05 0.000109169 0.000146484 0.000166463 0.000155492 0.000101904 -8.89918e-11 -0.00014597 -0.000319049 -0.000489263 -0.000616722 -0.000658376 -0.000577723 -0.000355678 -3.66854e-10 0.000449619 0.000923198 0.00132996 0.00157485 0.00157936 0.00130192 0.000752971 4.97588e-11 -0.00084 -0.00162026 -0.00219273 -0.00243918 -0.00229796 -0.00177951 -0.000966834 -4.40018e-10 0.000951845 0.00172476 0.00219272 0.0022914 0.00202794 0.00147527 0.000752971 1.60962e-10 -0.000654193 -0.00111359 -0.00132996 -0.0013056 -0.00108548 -0.000741811 -0.000355678 8.06009e-19 0.000272708 0.000436088 0.000489263 0.000451203 0.000352403 0.000226239 0.000101904 -1.92242e-11 -6.89514e-05 -0.00010358 -0.000109169 -9.45773e-05 -6.93923e-05 -4.18501e-05 -1.77082e-05 6.27652e-12
-1.56274e-05 -2.51091e-12 2.57652e-05 6.04177e-05 9.93998e-05 0.000134421 0.000153953 0.000144934 9.57295e-05 -8.42557e-11 -0.000139286 -0.000306826 -0.00047421 -0.000602435 -0.000648168 -0.000573227 -0.000355678 -3.69731e-10 0.0004567 0.000945091 0.00137217 0.00163759 0.00165516 0.0013751 0.000801534 5.33834e-11 -0.000908257 -0.00176566 -0.00240824 -0.00269993 -0.00256356 -0.00200076 -0.00109557 -5.02516e-10 0.00109557 0.00200076 0.00256356 0.00269993 0.00240824 0.00176566 0.000908257 1.9568e-10 -0.000801534 -0.0013751 -0.00165516 -0.00163759 -0.00137217 -0.000945091 -0.0004567 1.04305e-18 0.000355678 0.000573227 0.000648168 0.000602435 0.00047421 0.000306826 0.000139286 -2.64824e-11 -9.57295e-05 -0.000144934 -0.000153953 -0.000134421 -9.93998e-05 -6.04177e-05 -2.57653e-05 9.20391e-12 1.56274e-05
-2.19863e-12 2.27377e-05 5.37366e-05 8.91014e-05 0.00012144 0.000140176 0.000132999 8.85353e-05 -7.85349e-11 -0.000130847 -0.000290497 -0.000452494 -0.000579356 -0.000628226 -0.000559948 -0.000350164 -3.66854e-10 0.0004567 0.000952504 0.00139378 0.00167642 0.0017077 0.00142988 0.00084 5.63841e-11 -0.000966834 -0.00189428 -0.00260393 -0.00294221 -0.00281552 -0.00221464 -0.00122219 -5.64994e-10 0.00124144 0.00228494 0.00295063 0.00313197 0.00281551 0.00208046 0.00107858 2.34198e-10 -0.000966834 -0.0016717 -0.00202794 -0.00202215 -0.0017077 -0.00118541 -0.000577323 1.32888e-18 0.0004567 0.000741811 0.000845371 0.000791886 0.000628226 0.000409667 0.000187429 -3.59155e-11 -0.000130847 -0.000199656 -0.000213743 -0.000188089 -0.000140176 -8.58708e-05 -3.6907e-05 1.32874e-11 2.27377e-05 3.25929e-05
1.97549e-05 4.70533e-05 7.86317e-05 0.000108011 0.000125653 0.000120155 8.06123e-05 -7.20677e-11 -0.000121014 -0.000270773 -0.000425079 -0.000548524 -0.000599458 -0.000538497 -0.00033939 -3.58355e-10 0.000449619 0.000945091 0.00139378 0.00168957 0.00173459 0.00146379 0.000866665 5.86302e-11 -0.00101323 -0.00200076 -0.00277186 -0.00315654 -0.0030443 -0.00241338 -0.00134232 -6.25392e-10 0.00138493 0.00256903 0.00334351 0.00357682 0.00324064 0.00241338 0.00126099 2.75953e-10 -0.00114814 -0.00200076 -0.00244616 -0.00245831 -0.00209231 -0.00146379 -0.00071849 1.66679e-18 0.000577323 0.000945091 0.00108548 0.00102478 0.000819362 0.000538497 0.000248304 -4.79535e-11 -0.000176074 -0.000270773 -0.000292152 -0.000259104 -0.000194615 -0.000120155 -5.20472e-05 1.88852e-11 3.25703e-05 4.70533e-05 4.76926e-05
4.05625e-05 6.83164e-05 9.45773e-05 0.000110889 0.000106868 7.22604e-05 -6.51078e-11 -0.000110184 -0.000248475 -0.000393134 -0.00051128 -0.000563138 -0.000509838 -0.000323848 -3.44627e-10 0.000435786 0.000923198 0.00137217 0.00167642 0.00173459 0.00147527 0.000880313 6.00205e-11 -0.0010454 -0.00208046 -0.00290489 -0.00333397 -0.00324064 -0.00258917 -0.00145139 -6.81513e-10 0.00152104 0.00284365 0.00372995 0.00402153 0.00367212 0.00275616 0.00145139 3.20111e-10 -0.00134232 -0.00235747 -0.00290489 -0.00294221 -0.00252381 -0.00177951 -0.000880312 2.05821e-18 0.00071849 0.00118541 0.00137217 0.0013056 0.00105208 0.000696867 0.000323849 -6.30336e-11 -0.00023326 -0.00036153 -0.000393134 -0.000351397 -0.000266008 -0.00016552 -7.22604e-05 2.64251e-11 4.59315e-05 6.68763e-05 6.83164e-05 5.73641e-05
5.84341e-05 8.15308e-05 9.63416e-05 9.35766e-05 6.37696e-05 -5.7908e-11 -9.87684e-05 -0.000224479 -0.000357953 -0.000469177 -0.000520818 -0.000475222 -0.000304227 -3.26286e-10 0.00041583 0.000887831 0.00132996 0.00163759 0.0017077 0.00146379 0.000880313 6.04913e-11 -0.00106186 -0.0021298 -0.0029971 -0.00346678 -0.00339616 -0.00273471 -0.001545 -7.31157e-10 0.00164464 0.00309884 0.00409655 0.00445143 0.00409655 0.00309884 0.00164464 3.65578e-10 -0.001545 -0.00273471 -0.00339616 -0.00346678 -0.0029971 -0.0021298 -0.00106186 2.50215e-18 0.000880312 0.00146379 0.0017077 0.00163759 0.00132996 0.000887831 0.00041583 -8.15716e-11 -0.000304228 -0.000475222 -0.000520818 -0.000469177 -0.000357953 -0.000224479 -9.87683e-05 3.64022e-11 6.37696e-05 9.35767e-05 9.63416e-05 8.15308e-05 5.84342e-05
6.91943e-05 8.24054e-05 8.06681e-05 5.5404e-05 -5.0706e-11 -8.71628e-05 -0.000199656 -0.000320867 -0.000423866 -0.00047421 -0.000436088 -0.000281364 -3.04132e-10 0.000390636 0.000840582 0.00126905 0.00157485 0.00165516 0.00142988 0.000866665 6.00205e-11 -0.00106186 -0.0021465 -0.0030443 -0.00354899 -0.00350397 -0.00284365 -0.00161914 -7.72256e-10 0.00175071 0.00332457 0.00442943 0.00485089 0.00449918 0.0034301 0.00183473 4.11031e-10 -0.00175071 -0.00312314 -0.00390896 -0.00402153 -0.00350396 -0.00250951 -0.00126099 2.99468e-18 0.00106186 0.00177951 0.00209231 0.00202215 0.00165516 0.00111359 0.000525659 -1.03925e-10 -0.000390636 -0.000614983 -0.000679275 -0.000616722 -0.00047421 -0.000299719 -0.000132907 4.93686e-11 8.71627e-05 0.000128907 0.000133757 0.000114082 8.24054e-05 4.89277e-05
6.93923e-05 6.84621e-05 4.73895e-05 -4.37113e-11 -7.57284e-05 -0.000174824 -0.000283164 -0.000376994 -0.000425079 -0.000393973 -0.000256185 -2.79087e-10 0.000361279 0.000783508 0.00119216 0.00149104 0.00157936 0.0013751 0.00084 5.86302e-11 -0.0010454 -0.0021298 -0.0030443 -0.00357682 -0.00355914 -0.00291109 -0.00167054 -8.03019e-10 0.00183473 0.00351144 0.0047151 0.00520425 0.00486477 0.00373791 0.00201506 4.5497e-10 -0.00195306 -0.00351144 -0.00442943 -0.00459273 -0.00403304 -0.00291109 -0.00147425 1.7643e-18 0.00126099 0.0021298 0.00252381 0.00245831 0.00202794 0.0013751 0.000654193 -1.30351e-10 -0.000493811 -0.000783508 -0.000872206 -0.000798097 -0.000618486 -0.000393973 -0.000176074 6.59158e-11 0.00011729 0.000174824 0.000182824 0.000157155 0.000114409 6.84622e-05 2.87432e-05
5.72023e-05 3.9906e-05 -3.70973e-11 -6.47739e-05 -0.000150708 -0.000246017 -0.000330107 -0.000375131 -0.000350407 -0.000229643 -2.52135e-10 0.000328949 0.000718988 0.00110257 0.0013898 0.00148367 0.00130192 0.000801534 5.63841e-11 -0.00101323 -0.00208046 -0.0029971 -0.00354899 -0.00355914 -0.00293392 -0.00169685 -8.22062e-10 0.00189297 0.00365132 0.00494138 0.00549678 0.00517852 0.00401019 0.00217879 4.95798e-10 -0.00214502 -0.00388681 -0.00494138 -0.00516375 -0.00457003 -0.00332457 -0.00169685 2.04662e-18 0.00147425 0.00250951 0.0029971 0.00294221 0.00244616 0.0016717 0.000801534 -1.60962e-10 -0.000614557 -0.000982739 -0.00110257 -0.0010168 -0.000794152 -0.000509839 -0.000229643 8.66447e-11 0.000155384 0.000233421 0.000246017 0.000213133 0.000156378 9.43107e-05 3.9906e-05 -1.92936e-12
3.30832e-05 -3.09959e-11 -5.45451e-05 -0.000127904 -0.000210429 -0.00028457 -0.00032592 -0.000306826 -0.000202659 -2.24253e-10 0.000294868 0.000649551 0.0010039 0.00127536 0.00137217 0.00121352 0.000752971 5.33834e-11 -0.000966834 -0.00200076 -0.00290489 -0.00346678 -0.00350397 -0.00291109 -0.00169685 -8.28509e-10 0.00192278 0.00373791 0.00509824 0.00571575 0.00542705 0.00423561 0.00231931 5.31914e-10 -0.00231931 -0.00423561 -0.00542705 -0.00571575 -0.00509824 -0.00373791 -0.00192278 2.33732e-18 0.00169685 0.00291109 0.00350396 0.00346678 0.00290489 0.00200076 0.000966834 -1.9568e-10 -0.000752971 -0.00121352 -0.00137217 -0.00127536 -0.0010039 -0.000649551 -0.000294868 1.12127e-10 0.000202659 0.000306826 0.00032592 0.00028457 0.000210429 0.000127904 5.45451e-05 -2.6578e-12 -3.30833e-05
-2.54966e-11 -4.52195e-05 -0.000106868 -0.000177199 -0.000241512 -0.000278774 -0.000264501 -0.000176073 -1.96363e-10 0.00026022 0.000577723 0.000899893 0.00115219 0.00124938 0.00111359 0.000696385 4.97588e-11 -0.000908257 -0.00189428 -0.00277186 -0.00333397 -0.00339616 -0.00284365 -0.00167054 -8.22062e-10 0.00192278 0.00376723 0.00517852 0.00585129 0.00559932 0.00440433 0.00243062 5.61813e-10 -0.0024689 -0.00454414 -0.00586804 -0.00622867 -0.00559932 -0.00413749 -0.00214502 2.62792e-18 0.00192278 0.00332457 0.00403304 0.00402153 0.00339616 0.00235747 0.00114814 -2.34198e-10 -0.000908257 -0.00147527 -0.00168122 -0.00157485 -0.00124938 -0.00081472 -0.000372748 1.42853e-10 0.00026022 0.000397063 0.000425079 0.000374061 0.000278774 0.000170775 7.33984e-05 -3.60451e-12 -4.52195e-05 -6.48187e-05
-3.69071e-05 -8.79072e-05 -0.000146903 -0.000201791 -0.000234751 -0.000224479 -0.000150604 -1.69275e-10 0.000226083 0.000505871 0.000794152 0.00102478 0.00111993 0.00100604 0.000634066 4.56612e-11 -0.00084 -0.00176566 -0.00260393 -0.00315654 -0.00324064 -0.00273471 -0.00161914 -8.03019e-10 0.00189297 0.00373791 0.00517852 0.00589718 0.0056875 0.00450878 0.00250778 5.84193e-10 -0.00258738 -0.00479957 -0.00624649 -0.00668239 -0.00605431 -0.00450878 -0.00235584 2.90884e-18 0.00214502 0.00373791 0.00457003 0.00459273 0.00390896 0.00273471 0.00134232 -2.75953e-10 -0.00107858 -0.00176566 -0.00202794 -0.00191454 -0.00153077 -0.00100604 -0.000463892 1.79178e-10 0.000328949 0.000505871 0.000545812 0.00048407 0.00036359 0.000224479 9.72371e-05 -4.81266e-12 -6.08494e-05 -8.79072e-05 -8.91014e-05
-7.11894e-05 -0.000119899 -0.000165988 -0.000194615 -0.000187559 -0.000126821 -1.43662e-10 0.000193379 0.000436088 0.000689972 0.000897325 0.000988338 0.000894795 0.000568373 4.12515e-11 -0.000764829 -0.00162026 -0.00240824 -0.00294221 -0.0030443 -0.00258917 -0.001545 -7.72256e-10 0.00183473 0.00365132 0.00509824 0.00585129 0.0056875 0.00454414 0.00254727 5.98046e-10 -0.00266951 -0.00499076 -0.00654627 -0.00705801 -0.00644478 -0.00483721 -0.00254727 1.58494e-18 0.00235584 0.00413749 0.00509824 0.00516375 0.00442943 0.00312314 0.001545 -3.20111e-10 -0.00126099 -0.00208046 -0.00240824 -0.0022914 -0.00184646 -0.00122304 -0.000568372 2.21255e-10 0.000409383 0.000634504 0.000689972 0.000616722 0.000466858 0.000290497 0.000126821 -6.32612e-12 -8.06124e-05 -0.000117372 -0.000119899 -0.000100677
-9.63416e-05 -0.000134421 -0.00015884 -0.000154282 -0.000105138 -1.20034e-10 0.000162841 0.000370103 0.000590164 0.000773542 0.000858683 0.000783509 0.000501587 3.66898e-11 -0.000685588 -0.00146379 -0.00219273 -0.00269993 -0.00281552 -0.00241338 -0.00145139 -7.31157e-10 0.00175071 0.00351144 0.00494138 0.00571575 0.00559932 0.00450878 0.00254727 6.02737e-10 -0.00271155 -0.00510912 -0.00675407 -0.00733916 -0.00675407 -0.00510912 -0.00271155 1.70039e-18 0.00254727 0.00450878 0.00559932 0.00571575 0.00494138 0.00351144 0.00175071 -3.65578e-10 -0.00145139 -0.00241338 -0.00281551 -0.00269993 -0.00219272 -0.00146379 -0.000685588 2.68978e-10 0.000501587 0.000783508 0.000858684 0.000773542 0.000590164 0.000370103 0.000162841 -8.18661e-12 -0.000105138 -0.000154282 -0.00015884 -0.000134421 -9.63416e-05
-0.00010717 -0.000127632 -0.000124941 -8.58113e-05 -9.87373e-11 0.000135 0.000309233 0.000496968 0.000656497 0.000734471 0.000675427 0.000435786 3.21267e-11 -0.000605029 -0.00130192 -0.00196555 -0.00243918 -0.00256356 -0.00221464 -0.00134232 -6.81513e-10 0.00164464 0.00332457 0.0047151 0.00549678 0.00542705 0.00440433 0.00250778 5.98046e-10 -0.00271155 -0.00514919 -0.00686043 -0.00751321 -0.00696847 -0.00531264 -0.00284168 1.79597e-18 0.00271155 0.00483721 0.00605431 0.00622867 0.00542705 0.00388681 0.00195306 -4.11031e-10 -0.00164464 -0.00275616 -0.00324064 -0.00313197 -0.00256356 -0.00172476 -0.000814156 3.21924e-10 0.000605029 0.000952504 0.00105208 0.000955197 0.000734471 0.000464213 0.000205851 -1.043e-11 -0.000135 -0.000199656 -0.000207167 -0.000176694 -0.000127632 -7.57807e-05
-0.000100965 -9.96119e-05 -6.89513e-05 -7.99599e-11 0.000110184 0.000254368 0.000412001 0.000548524 0.000618486 0.000573227 0.000372748 2.76949e-11 -0.000525659 -0.00114 -0.00173459 -0.00216945 -0.00229796 -0.00200076 -0.00122219 -6.25392e-10 0.00152104 0.00309884 0.00442943 0.00520425 0.00517852 0.00423561 0.00243062 5.84193e-10 -0.00266951 -0.00510912 -0.00686043 -0.00757213 -0.0070782 -0.00543863 -0.00293189 9.33756e-19 0.00284168 0.00510912 0.00644478 0.00668239 0.00586804 0.00423561 0.00214502 -4.5497e-10 -0.00183473 -0.00309884 -0.00367212 -0.00357682 -0.00295063 -0.00200076 -0.000951845 3.79319e-10 0.00071849 0.00114 0.00126905 0.00116122 0.000899893 0.000573227 0.000256186 -1.30822e-11 -0.000170656 -0.000254368 -0.000266008 -0.000228659 -0.000166463 -9.96119e-05 -4.18211e-05
-7.81863e-05 -5.4545e-05 -6.37496e-11 8.85353e-05 0.000205993 0.000336265 0.000451203 0.000512743 0.000478949 0.000313885 2.35044e-11 -0.00044962 -0.00098274 -0.00150704 -0.00189964 -0.00202794 -0.00177951 -0.00109557 -5.64994e-10 0.00138493 0.00284365 0.00409655 0.00485089 0.00486477 0.00401019 0.00231931 5.61813e-10 -0.00258738 -0.00499076 -0.00675407 -0.00751321 -0.0070782 -0.00548128 -0.00297806 4.7795e-19 0.00293189 0.00531264 0.00675407 0.00705801 0.00624649 0.00454414 0.00231931 -4.95798e-10 -0.00201506 -0.0034301 -0.00409655 -0.00402153 -0.00334351 -0.00228494 -0.00109557 4.40018e-10 0.00084 0.00134325 0.00150704 0.0013898 0.00108548 0.000696867 0.000313885 -1.61543e-11 -0.000212385 -0.000319049 -0.000336265 -0.000291319 -0.000213743 -0.000128907 -5.4545e-05 3.86661e-11
-4.24797e-05 -5.00376e-11 7.00372e-05 0.000164232 0.000270197 0.000365395 0.000418489 0.000393973 0.00026022 1.96386e-11 -0.000378618 -0.000834041 -0.00128904 -0.00163759 -0.0017619 -0.00155819 -0.000966834 -5.02516e-10 0.00124144 0.00256903 0.00372995 0.00445143 0.00449918 0.00373791 0.00217879 5.31914e-10 -0.0024689 -0.00479957 -0.00654627 -0.00733916 -0.00696847 -0.00543863 -0.00297806 0 0.00297806 0.00543863 0.00696847 0.00733916 0.00654627 0.00479957 0.0024689 -5.31914e-10 -0.00217879 -0.00373791 -0.00449918 -0.00445143 -0.00372995 -0.00256903 -0.00124144 5.02516e-10 0.000966834 0.00155819 0.0017619 0.00163759 0.00128904 0.000834041 0.000378618 -1.96386e-11 -0.00026022 -0.000393973 -0.000418489 -0.000365395 -0.000270197 -0.000164232 -7.00372e-05 5.00376e-11 4.24797e-05
-3.86661e-11 5.4545e-05 0.000128907 0.000213743 0.000291319 0.000336265 0.000319049 0.000212385 1.61543e-11 -0.000313885 -0.000696867 -0.00108548 -0.0013898 -0.00150704 -0.00134325 -0.00084 -4.40018e-10 0.00109557 0.00228494 0.00334351 0.00402153 0.00409655 0.0034301 0.00201506 4.95798e-10 -0.00231931 -0.00454414 -0.00624649 -0.00705801 -0.00675407 -0.00531264 -0.00293189 -4.7795e-19 0.00297806 0.00548128 0.0070782 0.00751321 0.00675407 0.00499076 0.00258738 -5.61813e-10 -0.00231931 -0.00401019 -0.00486477 -0.00485089 -0.00409655 -0.00284365 -0.00138493 5.64994e-10 0.00109557 0.00177951 0.00202794 0.00189964 0.00150704 0.00098274 0.00044962 -2.35044e-11 -0.000313885 -0.000478949 -0.000512743 -0.000451203 -0.000336265 -0.000205993 -8.85353e-05 6.37496e-11 5.4545e-05 7.81863e-05
4.18211e-05 9.96119e-05 0.000166463 0.000228659 0.000266008 0.000254368 0.000170656 1.30822e-11 -0.000256186 -0.000573227 -0.000899893 -0.00116122 -0.00126905 -0.00114 -0.00071849 -3.79319e-10 0.000951845 0.00200076 0.00295063 0.00357682 0.00367212 0.00309884 0.00183473 4.5497e-10 -0.00214502 -0.00423561 -0.00586804 -0.00668239 -0.00644478 -0.00510912 -0.00284168 -9.33756e-19 0.00293189 0.00543863 0.0070782 0.00757213 0.00686043 0.00510912 0.00266951 -5.84193e-10 -0.00243062 -0.00423561 -0.00517852 -0.00520425 -0.00442943 -0.00309884 -0.00152104 6.25392e-10 0.00122219 0.00200076 0.00229796 0.00216945 0.00173459 0.00114 0.000525659 -2.76949e-11 -0.000372748 -0.000573227 -0.000618486 -0.000548524 -0.000412001 -0.000254368 -0.000110184 7.99599e-11 6.89513e-05 9.96119e-05 0.000100965
7.57807e-05 0.000127632 0.000176694 0.000207167 0.000199656 0.000135 1.043e-11 -0.000205851 -0.000464213 -0.000734471 -0.000955197 -0.00105208 -0.000952504 -0.000605029 -3.21924e-10 0.000814156 0.00172476 0.00256356 0.00313197 0.00324064 0.00275616 0.00164464 4.11031e-10 -0.00195306 -0.00388681 -0.00542705 -0.00622867 -0.00605431 -0.00483721 -0.00271155 -1.79597e-18 0.00284168 0.00531264 0.00696847 0.00751321 0.00686043 0.00514919 0.00271155 -5.98046e-10 -0.00250778 -0.00440433 -0.00542705 -0.00549678 -0.0047151 -0.00332457 -0.00164464 6.81513e-10 0.00134232 0.00221464 0.00256356 0.00243918 0.00196555 0.00130192 0.000605029 -3.21267e-11 -0.000435786 -0.000675427 -0.000734471 -0.000656497 -0.000496968 -0.000309233 -0.000135 9.87373e-11 8.58113e-05 0.000124941 0.000127632 0.00010717
9.63416e-05 0.000134421 0.00015884 0.000154282 0.000105138 8.18661e-12 -0.000162841 -0.000370103 -0.000590164 -0.000773542 -0.000858684 -0.000783508 -0.000501587 -2.68978e-10 0.000685588 0.00146379 0.00219272 0.00269993 0.00281551 0.00241338 0.00145139 3.65578e-10 -0.00175071 -0.00351144 -0.00494138 -0.00571575 -0.00559932 -0.00450878 -0.00254727 -1.70039e-18 0.00271155 0.00510912 0.00675407 0.00733916 0.00675407 0.00510912 0.00271155 -6.02737e-10 -0.00254727 -0.00450878 -0.00559932 -0.00571575 -0.00494138 -0.00351144 -0.00175071 7.31157e-10 0.00145139 0.00241338 0.00281552 0.00269993 0.00219273 0.00146379 0.000685588 -3.66898e-11 -0.000501587 -0.000783509 -0.000858683 -0.000773542 -0.000590164 -0.000370103 -0.000162841 1.20034e-10 0.000105138 0.000154282 0.00015884 0.000134421 9.63416e-05
0.000100677 0.000119899 0.000117372 8.06124e-05 6.32612e-12 -0.000126821 -0.000290497 -0.000466858 -0.000616722 -0.000689972 -0.000634504 -0.000409383 -2.21255e-10 0.000568372 0.00122304 0.00184646 0.0022914 0.00240824 0.00208046 0.00126099 3.20111e-10 -0.001545 -0.00312314 -0.00442943 -0.00516375 -0.00509824 -0.00413749 -0.00235584 -1.58494e-18 0.00254727 0.00483721 0.00644478 0.00705801 0.00654627 0.00499076 0.00266951 -5.98046e-10 -0.00254727 -0.00454414 -0.0056875 -0.00585129 -0.00509824 -0.00365132 -0.00183473 7.72256e-10 0.001545 0.00258917 0.0030443 0.00294221 0.00240824 0.00162026 0.000764829 -4.12515e-11 -0.000568373 -0.000894795 -0.000988338 -0.000897325 -0.000689972 -0.000436088 -0.000193379 1.43662e-10 0.000126821 0.000187559 0.000194615 0.000165988 0.000119899 7.11894e-05
8.91014e-05 8.79072e-05 6.08494e-05 4.81266e-12 -9.72371e-05 -0.000224479 -0.00036359 -0.00048407 -0.000545812 -0.000505871 -0.000328949 -1.79178e-10 0.000463892 0.00100604 0.00153077 0.00191454 0.00202794 0.00176566 0.00107858 2.75953e-10 -0.00134232 -0.00273471 -0.00390896 -0.00459273 -0.00457003 -0.00373791 -0.00214502 -2.90884e-18 0.00235584 0.00450878 0.00605431 0.00668239 0.00624649 0.00479957 0.00258738 -5.84193e-10 -0.00250778 -0.00450878 -0.0056875 -0.00589718 -0.00517852 -0.00373791 -0.00189297 8.03019e-10 0.00161914 0.00273471 0.00324064 0.00315654 0.00260393 0.00176566 0.00084 -4.56612e-11 -0.000634066 -0.00100604 -0.00111993 -0.00102478 -0.000794152 -0.000505871 -0.000226083 1.69275e-10 0.000150604 0.000224479 0.000234751 0.000201791 0.000146903 8.79072e-05 3.69071e-05
6.48187e-05 4.52195e-05 3.60451e-12 -7.33984e-05 -0.000170775 -0.000278774 -0.000374061 -0.000425079 -0.000397063 -0.00026022 -1.42853e-10 0.000372748 0.00081472 0.00124938 0.00157485 0.00168122 0.00147527 0.000908257 2.34198e-10 -0.00114814 -0.00235747 -0.00339616 -0.00402153 -0.00403304 -0.00332457 -0.00192278 -2.62792e-18 0.00214502 0.00413749 0.00559932 0.00622867 0.00586804 0.00454414 0.0024689 -5.61813e-10 -0.00243062 -0.00440433 -0.00559932 -0.00585129 -0.00517852 -0.00376723 -0.00192278 8.22062e-10 0.00167054 0.00284365 0.00339616 0.00333397 0.00277186 0.00189428 0.000908257 -4.97588e-11 -0.000696385 -0.00111359 -0.00124938 -0.00115219 -0.000899893 -0.000577723 -0.00026022 1.96363e-10 0.000176073 0.000264501 0.000278774 0.000241512 0.000177199 0.000106868 4.52195e-05 2.54966e-11
3.30833e-05 2.6578e-12 -5.45451e-05 -0.000127904 -0.000210429 -0.00028457 -0.00032592 -0.000306826 -0.000202659 -1.12127e-10 0.000294868 0.000649551 0.0010039 0.00127536 0.00137217 0.00121352 0.000752971 1.9568e-10 -0.000966834 -0.00200076 -0.00290489 -0.00346678 -0.00350396 -0.00291109 -0.00169685 -2.33732e-18 0.00192278 0.00373791 0.00509824 0.00571575 0.00542705 0.00423561 0.00231931 -5.31914e-10 -0.00231931 -0.00423561 -0.00542705 -0.00571575 -0.00509824 -0.00373791 -0.00192278 8.28509e-10 0.00169685 0.00291109 0.00350397 0.00346678 0.00290489 0.00200076 0.000966834 -5.33834e-11 -0.000752971 -0.00121352 -0.00137217 -0.00127536 -0.0010039 -0.000649551 -0.000294868 2.24253e-10 0.000202659 0.000306826 0.00032592 0.00028457 0.000210429 0.000127904 5.45451e-05 3.09959e-11 -3.30832e-05
1.92936e-12 -3.9906e-05 -9.43107e-05 -0.000156378 -0.000213133 -0.000246017 -0.000233421 -0.000155384 -8.66447e-11 0.000229643 0.000509839 0.000794152 0.0010168 0.00110257 0.000982739 0.000614557 1.60962e-10 -0.000801534 -0.0016717 -0.00244616 -0.00294221 -0.0029971 -0.00250951 -0.00147425 -2.04662e-18 0.00169685 0.00332457 0.00457003 0.00516375 0.00494138 0.00388681 0.00214502 -4.95798e-10 -0.00217879 -0.00401019 -0.00517852 -0.00549678 -0.00494138 -0.00365132 -0.00189297 8.22062e-10 0.00169685 0.00293392 0.00355914 0.00354899 0.0029971 0.00208046 0.00101323 -5.63841e-11 -0.000801534 -0.00130192 -0.00148367 -0.0013898 -0.00110257 -0.000718988 -0.000328949 2.52135e-10 0.000229643 0.000350407 0.000375131 0.000330107 0.000246017 0.000150708 6.47739e-05 3.70973e-11 -3.9906e-05 -5.72023e-05
-2.87432e-05 -6.84622e-05 -0.000114409 -0.000157155 -0.000182824 -0.000174824 -0.00011729 -6.59158e-11 0.000176074 0.000393973 0.000618486 0.000798097 0.000872206 0.000783508 0.000493811 1.30351e-10 -0.000654193 -0.0013751 -0.00202794 -0.00245831 -0.00252381 -0.0021298 -0.00126099 -1.7643e-18 0.00147425 0.00291109 0.00403304 0.00459273 0.00442943 0.00351144 0.00195306 -4.5497e-10 -0.00201506 -0.00373791 -0.00486477 -0.00520425 -0.0047151 -0.00351144 -0.00183473 8.03019e-10 0.00167054 0.00291109 0.00355914 0.00357682 0.0030443 0.0021298 0.0010454 -5.86302e-11 -0.00084 -0.0013751 -0.00157936 -0.00149104 -0.00119216 -0.000783508 -0.000361279 2.79087e-10 0.000256185 0.000393973 0.000425079 0.000376994 0.000283164 0.000174824 7.57284e-05 4.37113e-11 -4.73895e-05 -6.84621e-05 -6.93923e-05
-4.89277e-05 -8.24054e-05 -0.000114082 -0.000133757 -0.000128907 -8.71627e-05 -4.93686e-11 0.000132907 0.000299719 0.00047421 0.000616722 0.000679275 0.000614983 0.000390636 1.03925e-10 -0.000525659 -0.00111359 -0.00165516 -0.00202215 -0.00209231 -0.00177951 -0.00106186 -2.99468e-18 0.00126099 0.00250951 0.00350396 0.00402153 0.00390896 0.00312314 0.00175071 -4.11031e-10 -0.00183473 -0.0034301 -0.00449918 -0.00485089 -0.00442943 -0.00332457 -0.00175071 7.72256e-10 0.00161914 0.00284365 0.00350397 0.00354899 0.0030443 0.0021465 0.00106186 -6.00205e-11 -0.000866665 -0.00142988 -0.00165516 -0.00157485 -0.00126905 -0.000840582 -0.000390636 3.04132e-10 0.000281364 0.000436088 0.00047421 0.000423866 0.000320867 0.000199656 8.71628e-05 5.0706e-11 -5.5404e-05 -8.06681e-05 -8.24054e-05 -6.91943e-05
-5.84342e-05 -8.15308e-05 -9.63416e-05 -9.35767e-05 -6.37696e-05 -3.64022e-11 9.87683e-05 0.000224479 0.000357953 0.000469177 0.000520818 0.000475222 0.000304228 8.15716e-11 -0.00041583 -0.000887831 -0.00132996 -0.00163759 -0.0017077 -0.00146379 -0.000880312 -2.50215e-18 0.00106186 0.0021298 0.0029971 0.00346678 0.00339616 0.00273471 0.001545 -3.65578e-10 -0.00164464 -0.00309884 -0.00409655 -0.00445143 -0.00409655 -0.00309884 -0.00164464 7.31157e-10 0.001545 0.00273471 0.00339616 0.00346678 0.0029971 0.0021298 0.00106186 -6.04913e-11 -0.000880313 -0.00146379 -0.0017077 -0.00163759 -0.00132996 -0.000887831 -0.00041583 3.26286e-10 0.000304227 0.000475222 0.000520818 0.000469177 0.000357953 0.000224479 9.87684e-05 5.7908e-11 -6.37696e-05 -9.35766e-05 -9.63416e-05 -8.15308e-05 -5.84341e-05
-5.73641e-05 -6.83164e-05 -6.68763e-05 -4.59315e-05 -2.64251e-11 7.22604e-05 0.00016552 0.000266008 0.000351397 0.000393134 0.00036153 0.00023326 6.30336e-11 -0.000323849 -0.000696867 -0.00105208 -0.0013056 -0.00137217 -0.00118541 -0.00071849 -2.05821e-18 0.000880312 0.00177951 0.00252381 0.00294221 0.00290489 0.00235747 0.00134232 -3.20111e-10 -0.00145139 -0.00275616 -0.00367212 -0.00402153 -0.00372995 -0.00284365 -0.00152104 6.81513e-10 0.00145139 0.00258917 0.00324064 0.00333397 0.00290489 0.00208046 0.0010454 -6.00205e-11 -0.000880313 -0.00147527 -0.00173459 -0.00167642 -0.00137217 -0.000923198 -0.000435786 3.44627e-10 0.000323848 0.000509838 0.000563138 0.00051128 0.000393134 0.000248475 0.000110184 6.51078e-11 -7.22604e-05 -0.000106868 -0.000110889 -9.45773e-05 -6.83164e-05 -4.05625e-05
-4.76926e-05 -4.70533e-05 -3.25703e-05 -1.88852e-11 5.20472e-05 0.000120155 0.000194615 0.000259104 0.000292152 0.000270773 0.000176074 4.79535e-11 -0.000248304 -0.000538497 -0.000819362 -0.00102478 -0.00108548 -0.000945091 -0.000577323 -1.66679e-18 0.00071849 0.00146379 0.00209231 0.00245831 0.00244616 0.00200076 0.00114814 -2.75953e-10 -0.00126099 -0.00241338 -0.00324064 -0.00357682 -0.00334351 -0.00256903 -0.00138493 6.25392e-10 0.00134232 0.00241338 0.0030443 0.00315654 0.00277186 0.00200076 0.00101323 -5.86302e-11 -0.000866665 -0.00146379 -0.00173459 -0.00168957 -0.00139378 -0.000945091 -0.000449619 3.58355e-10 0.00033939 0.000538497 0.000599458 0.000548524 0.000425079 0.000270773 0.000121014 7.20677e-11 -8.06123e-05 -0.000120155 -0.000125653 -0.000108011 -7.86317e-05 -4.70533e-05 -1.97549e-05
-3.25929e-05 -2.27377e-05 -1.32874e-11 3.6907e-05 8.58708e-05 0.000140176 0.000188089 0.000213743 0.000199656 0.000130847 3.59155e-11 -0.000187429 -0.000409667 -0.000628226 -0.000791886 -0.000845371 -0.000741811 -0.0004567 -1.32888e-18 0.000577323 0.00118541 0.0017077 0.00202215 0.00202794 0.0016717 0.000966834 -2.34198e-10 -0.00107858 -0.00208046 -0.00281551 -0.00313197 -0.00295063 -0.00228494 -0.00124144 5.64994e-10 0.00122219 0.00221464 0.00281552 0.00294221 0.00260393 0.00189428 0.000966834 -5.63841e-11 -0.00084 -0.00142988 -0.0017077 -0.00167642 -0.00139378 -0.000952504 -0.0004567 3.66854e-10 0.000350164 0.000559948 0.000628226 0.000579356 0.000452494 0.000290497 0.000130847 7.85349e-11 -8.85353e-05 -0.000132999 -0.000140176 -0.00012144 -8.91014e-05 -5.37366e-05 -2.27377e-05 2.19863e-12
